[ 1.          0.64172803  0.68091578 ...,  0.91647601  0.59919113
  0.61007757]
[ 0.64172803  1.          0.54591794 ...,  0.73003491  0.47990822
  0.64231772]
[ 0.68091578  0.54591794  1.         ...,  0.63136859  0.67168257
  0.68604135]
[ 0.52074819  0.41996059  0.58991243 ...,  0.48767589  0.50443258
  0.52535496]
[ 0.55753671  0.7283699   0.62622713 ...,  0.51655591  0.36827619
  0.38416322]
[ 0.6757654   0.54143385  0.75847447 ...,  0.62585548  0.89195906
  0.89819746]
[ 0.60583435  0.64065345  0.6802956  ...,  0.73870119  0.79881656
  0.99980201]
[ 0.73082387  0.72611423  0.61694459 ...,  0.83579797  0.72779271
  0.91208976]
[ 0.46391693  0.71554853  0.52616249 ...,  0.62980126  0.45010386
  0.68332693]
[ 0.60833296  0.79590202  0.68316745 ...,  0.73993911  0.60056795
  0.80605552]
[ 0.68401798  0.54839984  0.99982414 ...,  0.63421824  0.67465907
  0.68894838]
[ 0.8048006   0.79622059  0.68427523 ...,  0.91662938  0.60155163
  0.8063684 ]
[ 0.60575906  0.6405129   0.67913593 ...,  0.73840053  0.799025    0.99934044]
[ 0.80535402  0.79598796  0.68686428 ...,  0.91647683  0.60347442
  0.80765279]
[ 0.67861317  0.71561964  0.76091593 ...,  0.82508074  0.66894319
  0.89785799]
[ 0.67690551  0.54231944  0.75936793 ...,  0.62684179  0.89197079
  0.89806363]
[ 0.45304111  0.36552372  0.51440531 ...,  0.42457575  0.6657569
  0.67801342]
[ 0.8030218   0.79617202  0.67903734 ...,  0.73875906  0.59698005
  0.60815822]
[ 0.51563433  0.54406621  0.76129488 ...,  0.47804191  0.67819275
  0.6840598 ]
[ 0.77983878  0.62452686  0.87346826 ...,  0.72173645  0.76847773
  0.78252849]
[ 0.67826683  0.93677741  0.57331162 ...,  0.77485401  0.50433892
  0.67942692]
[ 0.54958021  0.63423164  0.63279774 ...,  0.73159418  0.56026854
  0.8127052 ]
[ 0.53389134  0.43087982  0.87426875 ...,  0.50053555  0.51904571
  0.54096467]
[ 0.60834052  0.64173002  0.68201212 ...,  0.56326738  0.79988468
  0.61133357]
[ 0.80431241  0.79630259  0.68193653 ...,  0.91660938  0.59984175
  0.80504743]
[ 0.68318804  0.54740075  0.53331188 ...,  0.82506385  0.45605312
  0.68645056]
[ 0.68283162  0.5455389   0.76428991 ...,  0.62936175  0.68025067
  0.68671294]
[ 0.55066937  0.58373539  0.61837986 ...,  0.67303039  0.72844473
  0.91262416]
[ 0.54557393  0.72490572  0.6115824  ...,  0.66964205  0.72455693
  0.91005379]
[ 0.61298063  0.49160388  0.90071226 ...,  0.56865866  0.8012837
  0.80908956]
[ 0.80298793  0.79613354  0.67916543 ...,  0.91635832  0.59793852
  0.80397951]
[ 0.55535939  0.86941827  0.62197425 ...,  0.67591274  0.54753883
  0.73537509]
[ 0.6762148   0.71474961  0.75780731 ...,  0.82401295  0.66639691
  0.89649339]
[ 0.61483839  0.6435216   0.69054959 ...,  0.7421307   0.6075508
  0.80872662]
[ 0.80447243  0.4876795   0.68157208 ...,  0.7400319   0.79936631
  0.61073001]
[ 0.91882792  0.73203435  0.64090195 ...,  0.99942848  0.56351853
  0.74647005]
[ 0.8038336   0.79597926  0.68292363 ...,  0.91636355  0.60052672
  0.80592563]
[ 0.80116827  0.63929299  0.67498073 ...,  0.7368956   0.79712136
  0.60507088]
[ 0.67654128  0.80406241  0.572525   ...,  0.77374912  0.67418153
  0.8449616 ]
[ 0.67747151  0.71552245  0.75947457 ...,  0.82491156  0.6682301
  0.89788177]
[ 0.68114048  0.54589694  0.76505466 ...,  0.63115719  0.45281025
  0.47238288]
[ 0.77980951  0.62464275  0.87388009 ...,  0.72194355  0.76882264
  0.7830971 ]
[ 0.80439583  0.79628068  0.68227575 ...,  0.91659505  0.60024079
  0.80529562]
[ 0.8028009   0.79619341  0.67825488 ...,  0.91640459  0.59685481
  0.80327462]
[ 0.68178096  0.71544668  0.76461791 ...,  0.82495014  0.67249121
  0.89795317]
[ 0.59432242  0.47581757  0.66540616 ...,  0.54980576  0.99845816
  0.79665277]
[ 0.52944929  0.42692999  0.5992713  ...,  0.49569486  0.51310393
  0.53398496]
[ 0.79769276  0.63654254  0.66910573 ...,  0.73376171  0.79442815
  0.79931079]
[ 0.60864902  0.79620015  0.6824644  ...,  0.74006587  0.60034477
  0.80556019]
[ 0.80465603  0.7962684   0.68293072 ...,  0.91658614  0.6008899
  0.80564146]
[ 0.52677933  0.62441033  0.59772997 ...,  0.72166951  0.51131445
  0.7833031 ]
[ 0.60178319  0.63892804  0.45756769 ...,  0.73654398  0.59403144
  0.80205729]
[ 0.46259412  0.71529349  0.52627312 ...,  0.6293574   0.44823983
  0.68301199]
[ 0.7370537   0.86953681  0.62616786 ...,  0.83907223  0.55065447
  0.73776709]
[ 0.61839631  0.49582364  0.90315706 ...,  0.57345656  0.60966239
  0.62284819]
[ 0.67713624  0.5421138   0.75681629 ...,  0.62632119  0.89110832
  0.67854293]
[ 0.  0.  0. ...,  0.  0.  0.]
[ 0.61022241  0.64257872  0.68409221 ...,  0.74087951  0.60106743
  0.80591053]
[ 0.67826906  0.71523639  0.76063552 ...,  0.82460791  0.66963249
  0.89797471]
[ 0.8001548   0.6382717   0.67148485 ...,  0.73554919  0.79579803
  0.60210219]
[ 0.73721299  0.86938041  0.62780372 ...,  0.83927752  0.55157565
  0.73888928]
[ 0.73185951  0.7266305   0.61784579 ...,  0.83635506  0.54394866
  0.73301637]
[ 0.68047744  0.54550131  0.76535858 ...,  0.63081181  0.45260555
  0.47261224]
[ 0.73440082  0.72762384  0.62290484 ...,  0.83759489  0.73126223
  0.91397005]
[ 0.80158407  0.79603866  0.6765391  ...,  0.91626077  0.5952583   0.8027355 ]
[ 0.80244128  0.79609715  0.67838464 ...,  0.91634226  0.59702015
  0.80366768]
[ 0.61418815  0.49245122  0.90045936 ...,  0.56949688  0.8026959
  0.80959593]
[ 0.73520232  0.72809225  0.62312442 ...,  0.83807958  0.54846959
  0.73614209]
[ 0.73991348  0.72997585  0.82622262 ...,  0.68156571  0.55617551
  0.56763441]
[ 0.8043221   0.79615046  0.68347628 ...,  0.91654985  0.60088208
  0.80606845]
[ 0.60291837  0.63940498  0.67596747 ...,  0.73710134  0.79749667
  0.99930834]
[ 0.67823264  0.54342136  0.99940075 ...,  0.62822674  0.66844904
  0.68167025]
[ 0.53295847  0.43004656  0.87468568 ...,  0.49955751  0.51702547
  0.53912103]
[ 0.54470154  0.44004437  0.87412423 ...,  0.51157215  0.53033382
  0.5543927 ]
[ 0.50607023  0.80372926  0.56707839 ...,  0.62027423  0.67091048
  0.84206025]
[ 0.7386176   0.44982998  0.62992552 ...,  0.67999205  0.37258984
  0.38850056]
[ 0.45037093  0.53910988  0.51214267 ...,  0.62313266  0.6649862
  0.89794695]
[ 0.45484641  0.36724745  0.75887305 ...,  0.42677348  0.66686425
  0.68001114]
[ 0.68060058  0.54522532  0.52684581 ...,  0.82514965  0.4502839
  0.68343657]
[ 0.60474603  0.48457407  0.89457625 ...,  0.56018256  0.79827044
  0.80415552]
[ 0.60605634  0.64053135  0.68143283 ...,  0.73864449  0.79918638
  0.99986966]
[ 0.67752075  0.67273908  0.57355444 ...,  0.77450288  0.67419656
  0.84515699]
[ 0.5335344   0.43060956  0.8750755  ...,  0.50029848  0.51749232
  0.54009255]
[ 0.73654163  0.58786658  0.62530271 ...,  0.83878236  0.55016944
  0.73736222]
[ 0.74269439  0.45501456  0.63745651 ...,  0.68402901  0.38069965
  0.39720524]
[ 0.67758475  0.67275431  0.57231278 ...,  0.7743705   0.67436476
  0.84472307]
[ 0.37399038  0.30192485  0.62217902 ...,  0.35083664  0.54669973
  0.55747334]
[ 0.73571381  0.72828023  0.62512879 ...,  0.83839892  0.54992459
  0.73750193]
[ 0.6087831   0.64157354  0.68321183 ...,  0.73976453  0.60066781
  0.80552716]
[ 0.80366678  0.79622749  0.67980167 ...,  0.91644214  0.59814721
  0.80378546]
[ 0.46221126  0.54397066  0.52252271 ...,  0.43256861  0.66958702
  0.46582473]
[ 0.68136106  0.71561589  0.76370504 ...,  0.82508987  0.6716707
  0.89774806]
[ 0.80466344  0.4881756   0.68249145 ...,  0.74030086  0.80009513
  0.61178517]
[ 0.61495951  0.3419254   0.69193757 ...,  0.57023473  0.41013495
  0.4290079 ]
[ 0.59903054  0.63759811  0.67170308 ...,  0.7349632   0.79593127
  0.99903119]
[ 0.60352714  0.48343716  0.67666754 ...,  0.55872696  0.99986104
  0.80299389]
[ 0.53831053  0.43464737  0.87325638 ...,  0.50505849  0.52339262
  0.5462593 ]
[ 0.6119353   0.64319622  0.89894928 ...,  0.56705925  0.60384154
  0.61592579]
[ 0.60053066  0.48102527  0.67342189 ...,  0.55592559  0.7965622
  0.80149914]
[ 0.67519549  0.71546214  0.51427611 ...,  0.82471322  0.43971512
  0.67766036]
[ 0.61142335  0.48979181  0.47299296 ...,  0.74142374  0.40414035
  0.61380697]
[ 0.45732273  0.54204036  0.51988531 ...,  0.62655884  0.66827844
  0.89818367]
[ 0.61582908  0.4936261   0.90127181 ...,  0.57079376  0.60732241
  0.61981995]
[ 0.53044367  0.62419167  0.60283481 ...,  0.72156803  0.51540853
  0.78372049]
[ 0.77838403  0.62348544  0.87233214 ...,  0.72057708  0.76779392
  0.78186367]
[ 0.67948277  0.71565035  0.76193807 ...,  0.82514284  0.66959552
  0.89780948]
[ 0.60752107  0.64139198  0.68010756 ...,  0.56224399  0.79876668
  0.60939367]
[ 0.67705692  0.71553775  0.7589918  ...,  0.82492157  0.66771522
  0.89783324]
[ 0.52989689  0.62467474  0.60101578 ...,  0.72200749  0.51365648
  0.78314632]
[ 0.67956583  0.54465154  0.99982036 ...,  0.62975364  0.67026675
  0.68389826]
[ 0.67825697  0.71531221  0.76082836 ...,  0.8247276   0.66951684
  0.89810587]
[ 0.60400185  0.63956027  0.67750608 ...,  0.73735325  0.79735967
  0.99856552]
[ 0.61300476  0.49137762  0.68920781 ...,  0.56822131  0.40749624
  0.42568616]
[ 0.67702021  0.80444462  0.57262031 ...,  0.77413246  0.67402764
  0.84489231]
[ 0.53054572  0.62456938  0.60247649 ...,  0.72197282  0.51467338
  0.78353782]
[ 0.67585089  0.54128399  0.75704312 ...,  0.62553692  0.66621546
  0.67836393]
[ 0.67886334  0.71536583  0.76164775 ...,  0.82481842  0.67000673
  0.8981774 ]
[ 0.6815767   0.546154    0.99929947 ...,  0.63137751  0.67207093
  0.68521903]
[ 0.67951367  0.54450889  0.99896461 ...,  0.62945608  0.67095196
  0.68373774]
[ 0.73914576  0.86943296  0.63008095 ...,  0.84008261  0.55422091
  0.74026976]
[ 0.6124405   0.64328981  0.89974335 ...,  0.56773366  0.60415348
  0.61677246]
[ 0.68193559  0.71562792  0.76448525 ...,  0.63152274  0.67213546
  0.68498371]
[ 0.6279514   0.75014965  0.5266516  ...,  0.57748536  0.78607902
  0.62865301]
[ 0.61008877  0.48911407  0.68663134 ...,  0.56564331  0.6022713
  0.61490558]
[ 0.80600298  0.79623639  0.68677225 ...,  0.91666086  0.60385643
  0.80746276]
[ 0.52241032  0.62442884  0.59154055 ...,  0.48916579  0.5060139
  0.52686555]
[ 0.80539981  0.64269252  0.47084027 ...,  0.91639086  0.40318247
  0.61242286]
[ 0.53048067  0.62403621  0.60299975 ...,  0.72139305  0.51568391
  0.7837059 ]
[ 0.60402885  0.63986566  0.67773145 ...,  0.73770356  0.79811117
  0.99957228]
[ 0.60794078  0.64149573  0.68116932 ...,  0.73951886  0.59993214
  0.8049857 ]
[ 0.77912586  0.62430615  0.87492    ...,  0.72175491  0.76834671
  0.78356214]
[ 0.67443308  0.54032975  0.75681768 ...,  0.62453505  0.89210792
  0.89797183]
[ 0.61091203  0.64271265  0.68477736 ...,  0.74099527  0.60286436
  0.80664618]
[ 0.77956186  0.62445597  0.87378687 ...,  0.72171662  0.76916832
  0.78325243]
[ 0.52327543  0.62451215  0.59328444 ...,  0.72172353  0.5067627
  0.78261735]
[ 0.68286087  0.54708059  0.53206914 ...,  0.82510279  0.45503089
  0.68579298]
[ 0.80446806  0.64233323  0.89781812 ...,  0.74076495  0.60118467
  0.61345589]
[ 0.67610319  0.54166917  0.7586418  ...,  0.62611827  0.89189296
  0.89814775]
[ 0.67947241  0.71567531  0.76095814 ...,  0.82506281  0.66929298
  0.89726016]
[ 0.77991222  0.62454597  0.87319325 ...,  0.72172063  0.76856136
  0.78240652]
[ 0.89638533  0.54654578  0.76408037 ...,  0.82487858  0.6725271
  0.68489005]
[ 0.54557049  0.58090162  0.61183762 ...,  0.66962756  0.72491024
  0.91028952]
[ 0.67972652  0.71564565  0.76178831 ...,  0.82508281  0.6700525
  0.89773705]
[ 0.52952218  0.42738182  0.87490063 ...,  0.49653713  0.51409904
  0.53633568]
[ 0.52972504  0.42771543  0.87532399 ...,  0.49708945  0.51418968
  0.53728175]
[ 0.67856316  0.67330828  0.57399012 ...,  0.77504155  0.67539348
  0.84554461]
[ 0.60491579  0.64025295  0.67914522 ...,  0.73820944  0.79846738
  0.99974351]
[ 0.80605353  0.79626118  0.68615232 ...,  0.91662655  0.60364987
  0.80706395]
[ 0.60140957  0.63872264  0.45851121 ...,  0.73645942  0.59373314
  0.80239265]
[ 0.67789306  0.54322315  0.99955558 ...,  0.62803057  0.66893409
  0.68209082]
[ 0.73497686  0.86931599  0.62405322 ...,  0.83814347  0.54834457
  0.73662916]
[ 0.80467052  0.64248562  0.89776989 ...,  0.74087949  0.60234094
  0.61413869]
[ 0.60762314  0.79618444  0.6813807  ...,  0.73957732  0.59933029
  0.80505668]
[ 0.67980535  0.71559397  0.76198862 ...,  0.82503148  0.67033462
  0.89783171]
[ 0.67845806  0.71549779  0.76106168 ...,  0.82495772  0.66930007
  0.89811831]
[ 0.60790167  0.7960824   0.68160385 ...,  0.73962826  0.59988609
  0.80524487]
[ 0.67807661  0.71538812  0.76105199 ...,  0.82487004  0.66912199
  0.8982687 ]
[ 0.61794597  0.64531171  0.90306719 ...,  0.57314247  0.60993198
  0.62305867]
[ 0.52961219  0.62448592  0.60166835 ...,  0.72188785  0.51395596
  0.78364693]
[ 0.50846095  0.80411249  0.57054606 ...,  0.6220825   0.6733345
  0.84400821]
[ 0.73428531  0.58634025  0.82000856 ...,  0.67619862  0.73111374
  0.73702396]
[ 0.77943415  0.62433213  0.8733158  ...,  0.7215369   0.76916919
  0.78302876]
[ 0.66492052  0.53042097  0.55334019 ...,  0.61129361  0.83663667
  0.66562826]
[ 0.67635005  0.67205361  0.57104891 ...,  0.77359459  0.67346629
  0.84421019]
[ 0.52845218  0.62428973  0.59986138 ...,  0.72157041  0.51326271
  0.78342256]
[ 0.67407438  0.53978689  0.75463479 ...,  0.62371487  0.89201997
  0.67675286]
[ 0.44660251  0.53742218  0.50888715 ...,  0.6212628   0.66308766
  0.8979078 ]
[ 0.56328461  0.45178526  0.82701698 ...,  0.52261162  0.73594042
  0.74307432]
[ 0.67685843  0.80426655  0.57274479 ...,  0.77399252  0.67425818
  0.84504105]
[ 0.99977664  0.64227127  0.68328776 ...,  0.91660545  0.60104076
  0.61230684]
[ 0.60577903  0.64063876  0.68023986 ...,  0.73867922  0.7987827
  0.99980572]
[ 0.68022998  0.71536692  0.76238779 ...,  0.82475473  0.67116623
  0.89773781]
[ 0.67727771  0.71559217  0.75903079 ...,  0.82497512  0.66762615
  0.8976468 ]
[ 0.52616601  0.42442251  0.59666156 ...,  0.49290094  0.51045199
  0.53161971]
[ 0.6774164   0.54282334  0.7606143  ...,  0.62751519  0.89175537
  0.8983458 ]
[ 0.68587403  0.54990282  0.54292376 ...,  0.82454193  0.46324616
  0.69074756]
[ 0.61169844  0.64311457  0.68625982 ...,  0.74154328  0.60353577
  0.80735856]
[ 0.55330008  0.5852295   0.42509452 ...,  0.67480492  0.54649604
  0.73530372]
[ 0.60107957  0.63848149  0.67572718 ...,  0.73622803  0.79654075
  0.99958638]
[ 0.45769447  0.5422797   0.52009746 ...,  0.62682105  0.66829175
  0.8981844 ]
[ 0.67649948  0.54196622  0.75878475 ...,  0.62642206  0.89194325
  0.89805681]
[ 0.60717552  0.64123109  0.46507194 ...,  0.73914566  0.39793075
  0.60909287]
[ 0.8050642   0.79602472  0.68544381 ...,  0.91642787  0.60284833
  0.80704718]
[ 0.67556171  0.71510708  0.75648472 ...,  0.82427988  0.66688387
  0.89727172]
[ 0.80198195  0.79612126  0.6770157  ...,  0.91634384  0.5955422   0.8027866 ]
[ 0.68047766  0.71542564  0.76342264 ...,  0.82492154  0.67139726
  0.89813703]
[ 0.51854942  0.80622475  0.58295251 ...,  0.62949462  0.68051518
  0.84969044]
[ 0.73368644  0.72743126  0.6221325  ...,  0.83743427  0.73022119
  0.91375935]
[ 0.60305497  0.48290291  0.67505005 ...,  0.55799791  0.79717335
  0.60515082]
[ 0.6765161   0.71543925  0.51773115 ...,  0.82475013  0.44292705
  0.67948166]
[ 0.61243197  0.64344894  0.89876903 ...,  0.56734855  0.60407143
  0.61588453]
[ 0.69614203  0.72286565  0.55927322 ...,  0.83231115  0.49507495
  0.71358563]
[ 0.53703599  0.43345754  0.87453189 ...,  0.50357088  0.52201918
  0.54429311]
[ 0.80554378  0.79627943  0.68539094 ...,  0.74139694  0.60274181
  0.6141658 ]
[ 0.67835165  0.71550006  0.76115256 ...,  0.82498989  0.66908839
  0.89815579]
[ 0.80021606  0.63870451  0.67496401 ...,  0.73635858  0.79682687
  0.80221818]
[ 0.67319151  0.53907939  0.75381874 ...,  0.62292061  0.66411839
  0.67575975]
[ 0.46755015  0.37753704  0.76655754 ...,  0.43878445  0.45382357
  0.47429519]
[ 0.41313355  0.3336724   0.68408968 ...,  0.38783984  0.59971745
  0.61247817]
[ 0.68183744  0.71549747  0.76533101 ...,  0.82509207  0.67232614
  0.89817962]
[ 0.73159483  0.72647863  0.61766798 ...,  0.67309982  0.72829754
  0.73299056]
[ 0.67758549  0.71528979  0.75962254 ...,  0.82462626  0.66885723
  0.89787453]
[ 0.61468718  0.49279573  0.90104223 ...,  0.56989555  0.60635963
  0.61914184]
[ 0.61505519  0.64451912  0.68993185 ...,  0.56972607  0.41014803
  0.42746706]
[ 0.45632531  0.54169884  0.51897791 ...,  0.62619293  0.66763757
  0.89828066]
[ 0.67843897  0.71550113  0.76104366 ...,  0.82495877  0.66927886
  0.89812121]
[ 0.7343048   0.86944976  0.62123971 ...,  0.83762087  0.54647348
  0.73470715]
[ 0.89661313  0.71548753  0.75747096 ...,  0.82475903  0.66698763
  0.67893719]
[ 0.6852307   0.8070106   0.40308981 ...,  0.77931398  0.3444307
  0.52233149]
[ 0.67745858  0.7155397   0.75880981 ...,  0.8248567   0.66802083
  0.89751248]
[ 0.5312059   0.4285938   0.60320726 ...,  0.49784219  0.51547457
  0.53728063]
[ 0.52706274  0.62429894  0.59929127 ...,  0.721693    0.51171061
  0.78376824]
[ 0.67914051  0.7155804   0.76197059 ...,  0.82510082  0.66945469
  0.89800822]
[ 0.40116401  0.48101728  0.45639609 ...,  0.55600958  0.59312359
  0.80181478]
[ 0.89615424  0.71520845  0.75844996 ...,  0.82446914  0.66825455
  0.68014006]
[ 0.80447345  0.79611017  0.68308783 ...,  0.91642238  0.6012377
  0.80588349]
[ 0.67786538  0.71537434  0.76037622 ...,  0.82478901  0.66902344
  0.8981162 ]
[ 0.60733502  0.64132502  0.68124291 ...,  0.73940986  0.59932131
  0.80509243]
[ 0.60568533  0.64063978  0.67973679 ...,  0.73864381  0.7986052   0.9996684 ]
[ 0.60086611  0.63847373  0.6744982  ...,  0.73609324  0.79663162
  0.9994677 ]
[ 0.56646747  0.72967153  0.82966333 ...,  0.52577615  0.55850956
  0.57163833]
[ 0.54982079  0.58333735  0.6167925  ...,  0.67251014  0.72733716
  0.91191054]
[ 0.804233    0.79623485  0.68289699 ...,  0.91663052  0.60018112
  0.80564135]
[ 0.60714219  0.64114667  0.68131251 ...,  0.7392212   0.79962994
  0.99968048]
[ 0.80389598  0.64155909  0.68086886 ...,  0.73960971  0.79880209
  0.60990567]
[ 0.77970465  0.62440641  0.87325554 ...,  0.72154972  0.76907187
  0.78273226]
[ 0.67828701  0.71537542  0.76021571 ...,  0.82472619  0.66935117
  0.89779666]
[ 0.80274341  0.79591282  0.67822928 ...,  0.91602167  0.59783317
  0.80348783]
[ 0.60097671  0.63820899  0.67334384 ...,  0.73566568  0.79594369
  0.99804256]
[ 0.67993135  0.8053413   0.57493654 ...,  0.62545006  0.67651526
  0.51554156]
[ 0.67396551  0.53994193  0.75637556 ...,  0.62410879  0.89201147
  0.89805356]
[ 0.57808     0.7738542   0.40315965 ...,  0.70482567  0.36388529
  0.56003323]
[ 0.67596856  0.5416282   0.99936619 ...,  0.62616589  0.66640305
  0.67965854]
[ 0.77972538  0.62442563  0.87319381 ...,  0.72157068  0.76909755
  0.78272903]
[ 0.47100031  0.71356645  0.53466066 ...,  0.63212106  0.45818782
  0.68659258]
[ 0.77953181  0.62447335  0.87374383 ...,  0.72176017  0.76902381
  0.78322482]
[ 0.80716889  0.64465296  0.90127809 ...,  0.743544    0.60698455
  0.61964283]
[ 0.45582894  0.54145942  0.51765805 ...,  0.62581959  0.66748679
  0.89797399]
[ 0.80501856  0.79605868  0.68550432 ...,  0.91649286  0.60264195
  0.80705397]
[ 0.6775982   0.54300079  0.99964353 ...,  0.62779073  0.66832483
  0.68168315]
[ 0.73615243  0.58752652  0.62459845 ...,  0.677285    0.73247907
  0.56014757]
[ 0.61416239  0.49215866  0.8994332  ...,  0.56894532  0.60614861
  0.61778807]
[ 0.6807505   0.71540901  0.76395574 ...,  0.824936    0.67166247
  0.89821484]
[ 0.67176488  0.53814189  0.75360837 ...,  0.62200195  0.8907779
  0.89675022]
[ 0.80140915  0.79605672  0.67551236 ...,  0.91622843  0.59432808
  0.80199381]
[ 0.67896185  0.7155784   0.76165433 ...,  0.82507138  0.6694852
  0.89806468]
[ 0.73597149  0.86950987  0.62418794 ...,  0.83849812  0.54903394
  0.73655844]
[ 0.67863397  0.54385228  0.99949387 ...,  0.62875565  0.66986665
  0.68300878]
[ 0.63442671  0.75299272  0.53595701 ...,  0.72474734  0.63140758
  0.79052081]
[ 0.99992052  0.64110418  0.67969839 ...,  0.91650075  0.59801152
  0.60902446]
[ 0.72901848  0.58176598  0.61329563 ...,  0.67061416  0.91138935
  0.73023964]
[ 0.63449728  0.87631339  0.53656396 ...,  0.7248878   0.6316143
  0.79089441]
[ 0.60336667  0.48329204  0.67638682 ...,  0.55855175  0.99980224
  0.8028048 ]
[ 0.67910499  0.71560681  0.76062967 ...,  0.82496974  0.66944568
  0.89748679]
[ 0.6346473   0.87629552  0.53688756 ...,  0.72499242  0.63190595
  0.79111639]
[ 0.67574183  0.71540952  0.75657958 ...,  0.82463631  0.66643358
  0.89726534]
[ 0.79990683  0.63832039  0.67300658 ...,  0.7358268   0.79589872
  0.8010284 ]
[ 0.77969359  0.62444343  0.87351927 ...,  0.72162773  0.76905507
  0.78289808]
[ 0.67338505  0.53942905  0.75527204 ...,  0.6234347   0.89217795
  0.89769583]
[ 0.68048364  0.7155699   0.76267458 ...,  0.8250089   0.67100887
  0.8977759 ]
[ 0.74421084  0.59433578  0.83029623 ...,  0.68549317  0.56142936
  0.57308542]
[ 0.73273257  0.58512482  0.8185688  ...,  0.67480188  0.72993339
  0.73580947]
[ 0.61047171  0.48935555  0.89862282 ...,  0.5658801   0.60229008
  0.61480995]
[ 0.60178261  0.63889363  0.67565242 ...,  0.73660397  0.79699099
  0.99956515]
[ 0.677633    0.71517734  0.75945866 ...,  0.82447268  0.66901558
  0.89770126]
[ 0.52991308  0.62439696  0.60150646 ...,  0.72172151  0.51451421
  0.78345927]
[ 0.60848075  0.48762423  0.89673726 ...,  0.56373396  0.80015763
  0.80621346]
[ 0.47400266  0.38274996  0.76984633 ...,  0.44479954  0.46132515
  0.48150024]
[ 0.67927934  0.54423934  0.76191625 ...,  0.62907966  0.89172661
  0.68310821]
[ 0.59844394  0.47922726  0.67023756 ...,  0.55373105  0.99994437
  0.79986386]
[ 0.67689278  0.54212838  0.75814538 ...,  0.62650164  0.89185044
  0.67969313]
[ 0.45587793  0.36800005  0.75921654 ...,  0.42759805  0.6667712
  0.68000633]
[ 0.4051532   0.4832053   0.4595472  ...,  0.3795714   0.59535086
  0.60602845]
[ 0.85124572  0.67817405  0.5876453  ...,  0.9287851   0.51606818
  0.68896328]
[ 0.67219732  0.53850548  0.75433018 ...,  0.62240477  0.89215217
  0.89781506]
[ 0.80359143  0.64156202  0.89646231 ...,  0.73979376  0.5996432
  0.61147663]
[ 0.55511593  0.44486273  0.81940552 ...,  0.51431735  0.73080913
  0.73648753]
[ 0.67806785  0.71539003  0.7610438  ...,  0.82487084  0.66911223
  0.89827047]
[ 0.8025036   0.79605901  0.67800453 ...,  0.91624143  0.59712349
  0.80344587]
[ 0.5575931   0.58755     0.82216938 ...,  0.51698006  0.73184235
  0.73847624]
[ 0.61205854  0.49068792  0.68868005 ...,  0.56744716  0.60459054
  0.61702489]
[ 0.47036843  0.54671771  0.7688574  ...,  0.44190186  0.45725788
  0.47862424]
[ 0.67689631  0.54231486  0.75935924 ...,  0.62683514  0.89196852
  0.89806492]
[ 0.45920325  0.37065548  0.76105448 ...,  0.43065925  0.66865735
  0.68182703]
[ 0.68047467  0.71550707  0.76330149 ...,  0.82501277  0.67119634
  0.89808345]
[ 0.61090922  0.48991158  0.68843629 ...,  0.56666115  0.60352001
  0.61653449]
[ 0.80450877  0.79623623  0.68356589 ...,  0.91663717  0.60084389
  0.80600188]
[ 0.72973137  0.58229966  0.6142091  ...,  0.67119483  0.91193258
  0.73091126]
[ 0.41347396  0.48772161  0.47019776 ...,  0.56382286  0.60114977
  0.80621891]
[ 0.89663155  0.54606961  0.76324328 ...,  0.82501269  0.67149329
  0.6839069 ]
[ 0.69624706  0.55614396  0.77950001 ...,  0.6434733   0.68784753
  0.69805009]
[ 0.80078739  0.63891053  0.67360443 ...,  0.73642132  0.79601086
  0.60352616]
[ 0.60400807  0.6398458   0.67800343 ...,  0.73771245  0.7981182
  0.99966501]
[ 0.80458545  0.79629642  0.68295415 ...,  0.91664181  0.60064456
  0.80562814]
[ 0.5534832   0.58525787  0.62053059 ...,  0.51242889  0.91356468
  0.73480226]
[ 0.77992893  0.62466923  0.87362581 ...,  0.72194898  0.7682272
  0.78257263]
[ 0.67855312  0.5436148   0.76095494 ...,  0.62834603  0.66950277
  0.68203149]
[ 0.46861534  0.37840759  0.76714715 ...,  0.439823    0.45438713
  0.47517644]
[ 0.60277644  0.63937097  0.67600093 ...,  0.73708768  0.79733454
  0.99937032]
[ 0.80833632  0.64524909  0.4824925  ...,  0.91636335  0.41332487
  0.61954819]
[ 0.45687751  0.71530669  0.51884702 ...,  0.62643435  0.44364905
  0.68017949]
[ 0.80440248  0.79629965  0.68262987 ...,  0.91666067  0.59999744
  0.80533297]
[ 0.73064212  0.5830972   0.6160014  ...,  0.67218145  0.91212144
  0.73189373]
[ 0.55635959  0.44591329  0.82044242 ...,  0.51555278  0.7320283
  0.73767205]
[ 0.80581501  0.64352669  0.89974438 ...,  0.74221023  0.60429749
  0.61683257]
[ 0.67768661  0.71560461  0.75918516 ...,  0.82495764  0.66803588
  0.89753422]
[ 0.80946102  0.64620055  0.6939342  ...,  0.91638953  0.610262    0.81009518]
[ 0.55429964  0.86938929  0.42508907 ...,  0.67535838  0.36328968
  0.55682161]
[ 0.80609681  0.79623069  0.68746714 ...,  0.91670958  0.60402094
  0.80774696]
[ 0.60213047  0.63909775  0.45857422 ...,  0.73679904  0.59427428
  0.80239359]
[ 0.77901611  0.62404711  0.87407469 ...,  0.72128615  0.7692198
  0.78341406]
[ 0.4614067   0.37261026  0.76279036 ...,  0.4330333   0.67012721
  0.68364725]
[ 0.45943204  0.54299695  0.52291379 ...,  0.62777568  0.66890682
  0.89843462]
[ 0.89627491  0.71530428  0.76132773 ...,  0.82457409  0.67079308
  0.68268737]
[ 0.6788778   0.54408286  0.99960584 ...,  0.62905268  0.6701025
  0.68339718]
[ 0.67331573  0.53916981  0.7539626  ...,  0.62304419  0.89158621
  0.67564871]
[ 0.60456166  0.64010886  0.67913189 ...,  0.73809425  0.79804944
  0.99974727]
[ 0.67567733  0.71544992  0.75737857 ...,  0.82478525  0.66645745
  0.8977436 ]
[ 0.46169245  0.37270976  0.76259212 ...,  0.43306151  0.67009191
  0.68336153]
[ 0.60687161  0.64089369  0.46621543 ...,  0.7388507   0.5995239   0.8047734 ]
[ 0.60806645  0.48736059  0.89671862 ...,  0.56347066  0.80008064
  0.80625573]
[ 0.55770743  0.7285654   0.62519008 ...,  0.67753922  0.54993424
  0.73734994]
[ 0.67648937  0.71538889  0.75865345 ...,  0.82476562  0.66756807
  0.89799798]
[ 0.67785622  0.71443361  0.76059699 ...,  0.82376242  0.66903937
  0.89707218]
[ 0.67461127  0.54042669  0.75679806 ...,  0.62464944  0.89189449
  0.89797967]
[ 0.60679473  0.48647227  0.68315241 ...,  0.56258479  0.59938862
  0.61186915]
[ 0.53556597  0.43212455  0.87438521 ...,  0.50192705  0.51981746
  0.54174866]
[ 0.77994971  0.62463859  0.87326522 ...,  0.72185366  0.76861491
  0.7825642 ]
[ 0.77920319  0.6241827   0.87278204 ...,  0.72137936  0.76871937
  0.78263326]
[ 0.67196856  0.53801804  0.75195141 ...,  0.62162472  0.89177729
  0.67414739]
[ 0.67793388  0.71530731  0.76023911 ...,  0.82468495  0.66920019
  0.8979986 ]
[ 0.60378799  0.63978779  0.6764802  ...,  0.73750437  0.59574125
  0.80276536]
[ 0.6801475   0.71552675  0.76271484 ...,  0.82499476  0.67087112
  0.89800561]
[ 0.59854951  0.47938772  0.67094861 ...,  0.55398486  0.9999904
  0.80030718]
[ 0.63537082  0.75341768  0.53788258 ...,  0.72555544  0.63239077
  0.79160041]
[ 0.77942752  0.62436788  0.87357458 ...,  0.72161386  0.76915797
  0.78318999]
[ 0.73369326  0.58592868  0.81986853 ...,  0.67579011  0.73026531
  0.7365902 ]
[ 0.38685658  0.73002336  0.43936042 ...,  0.52189159  0.37554462
  0.56650214]
[ 0.45963243  0.54309375  0.52260246 ...,  0.62782271  0.66911944
  0.8983323 ]
[ 0.6777007   0.71559669  0.75952492 ...,  0.82498654  0.66814887
  0.89772003]
[ 0.46160656  0.54397879  0.52334149 ...,  0.62871043  0.44757539
  0.68194613]
[ 0.91562657  0.72922667  0.627437   ...,  0.99991071  0.55183213
  0.73854011]
[ 0.60866436  0.79621434  0.68218591 ...,  0.7400249   0.60027643
  0.8053748 ]
[ 0.60483756  0.64022158  0.46421471 ...,  0.73825013  0.59683584
  0.8041716 ]
[ 0.53817855  0.43451809  0.87449631 ...,  0.50488726  0.5236458
  0.54630148]
[ 0.67858946  0.54379608  0.99953701 ...,  0.62868409  0.66961821
  0.68277895]
[ 0.60534959  0.79604002  0.67866947 ...,  0.73836444  0.59736708
  0.80387072]
[ 0.72966543  0.58224824  0.61401169 ...,  0.67116305  0.91146123
  0.7305566 ]
[ 0.67396386  0.53979889  0.75527744 ...,  0.62382019  0.66507894
  0.67703245]
[ 0.4585742   0.37016625  0.76074939 ...,  0.43010017  0.66840387
  0.68157465]
[ 0.50729432  0.5387542   0.56748273 ...,  0.46926871  0.67169646
  0.50876796]
[ 0.80570867  0.6430096   0.47230354 ...,  0.91656794  0.40413905
  0.61336534]
[ 0.80414138  0.7958078   0.68345896 ...,  0.91612564  0.60160527
  0.80619903]
[ 0.73643753  0.86935699  0.62550519 ...,  0.83869741  0.55054116
  0.73764422]
[ 0.80208899  0.64016354  0.67883405 ...,  0.73797934  0.79835437
  0.60877854]
[ 0.77980799  0.62457486  0.8734537  ...,  0.72179599  0.76894122
  0.7828817 ]
[ 0.5305156   0.42790123  0.6013397  ...,  0.49692105  0.51429878
  0.53566402]
[ 0.73856776  0.59024741  0.8276839  ...,  0.68112826  0.73532456
  0.74322314]
[ 0.68350251  0.54750006  0.53321962 ...,  0.8243752   0.45733849
  0.68616713]
[ 0.52792282  0.4260405   0.60026408 ...,  0.49498856  0.51174984
  0.53413105]
[ 0.60900804  0.79616015  0.68355884 ...,  0.74036271  0.60031528
  0.80586701]
[ 0.73588823  0.58773261  0.82233279 ...,  0.67788634  0.7326476
  0.73898682]
[ 0.60126446  0.48154377  0.67367859 ...,  0.55647465  0.99983886
  0.80147399]
[ 0.60926049  0.64210421  0.46857877 ...,  0.74020965  0.40057442
  0.61099085]
[ 0.45861107  0.37008225  0.75995728 ...,  0.42988914  0.66880793  0.681304  ]
[ 0.60357923  0.63953524  0.6782974  ...,  0.73742873  0.79804901
  0.99976053]
[ 0.67357677  0.53958142  0.7555965  ...,  0.62364961  0.89200801
  0.89790493]
[ 0.54865749  0.72576595  0.6153653  ...,  0.67165774  0.72694782
  0.91151748]
[ 0.60726083  0.79615114  0.68075453 ...,  0.73933984  0.59898521
  0.80473511]
[ 0.60472372  0.64020777  0.67707426 ...,  0.73796635  0.59601624
  0.8027469 ]
[ 0.67139452  0.53788697  0.75362709 ...,  0.62168959  0.89200991
  0.89743664]
[ 0.59843394  0.63743893  0.67151291 ...,  0.73485058  0.79521803
  0.99912738]
[ 0.55908816  0.58841981  0.82296334 ...,  0.5182467   0.55159706
  0.5630565 ]
[ 0.8961598   0.54556994  0.76199287 ...,  0.82438686  0.6715856
  0.68332918]
[ 0.60821377  0.48767703  0.89784645 ...,  0.56404832  0.79917343
  0.80652867]
[ 0.80414134  0.64200957  0.89702281 ...,  0.74031412  0.60069491
  0.61252156]
[ 0.67904309  0.54375046  0.75949188 ...,  0.62828406  0.89126248
  0.68101296]
[ 0.73969191  0.86944118  0.63160134 ...,  0.84046641  0.55498524
  0.74111031]
[ 0.6801863   0.54483672  0.52552896 ...,  0.8251074   0.44877422
  0.68246863]
[ 0.63864906  0.75459923  0.71371376 ...,  0.58829776  0.63585475
  0.64134741]
[ 0.59376484  0.47549525  0.66547212 ...,  0.54946103  0.79271473
  0.79732483]
[ 0.53451383  0.43126621  0.87462369 ...,  0.50096171  0.51803341
  0.54027111]
[ 0.60495307  0.64028046  0.67889103 ...,  0.73821074  0.79847361
  0.99965737]
[ 0.91515764  0.72889278  0.62650151 ...,  0.99993764  0.55055862
  0.73792775]
[ 0.68202079  0.54676037  0.99986547 ...,  0.63228124  0.67298662
  0.68700218]
[ 0.68184219  0.80604577  0.57844913 ...,  0.77717797  0.50876927
  0.68287093]
[ 0.89623115  0.71535896  0.75910088 ...,  0.82473589  0.66804652
  0.6804268 ]
[ 0.53073992  0.42836209  0.87476389 ...,  0.49766351  0.51558527
  0.5377188 ]
[ 0.80554305  0.6435214   0.90091237 ...,  0.7423812   0.60571551
  0.61887062]
[ 0.60357095  0.63965778  0.67700759 ...,  0.73743409  0.79791554
  0.99946524]
[ 0.73822719  0.7292927   0.62837355 ...,  0.8395193   0.55315715
  0.73933976]
[ 0.67378406  0.5397131   0.75550628 ...,  0.62375377  0.89218652
  0.89772166]
[ 0.7355566   0.72826015  0.62392111 ...,  0.83830264  0.54900042
  0.73662056]
[ 0.79249773  0.50797259  0.5375546  ...,  0.72607081  0.63228231
  0.48162617]
[ 0.60181457  0.63893644  0.67479922 ...,  0.73655617  0.79694411
  0.9992693 ]
[ 0.58772486  0.63110214  0.65921605 ...,  0.72753464  0.57735641
  0.79078508]
[ 0.60228624  0.48232881  0.67446374 ...,  0.55734568  0.7970759
  0.60474402]
[ 0.73183311  0.86919244  0.61780598 ...,  0.83634468  0.54390822
  0.73299466]
[ 0.67860178  0.71530858  0.76059352 ...,  0.82465113  0.66976112
  0.89777712]
[ 0.53567618  0.5747446   0.60094457 ...,  0.66256081  0.71535462
  0.90378177]
[ 0.67362362  0.5376091   0.56689224 ...,  0.6197568   0.84279195
  0.67523449]
[ 0.67612336  0.67192888  0.57002479 ...,  0.77338274  0.67293794
  0.84363064]
[ 0.67901871  0.71517709  0.76269106 ...,  0.8247099   0.67035122
  0.89842644]
[ 0.6735069   0.71526516  0.75408166 ...,  0.82442192  0.66432342
  0.89712506]
[ 0.73661572  0.72846903  0.82327474 ...,  0.67862938  0.55136602
  0.56322709]
[ 0.68245208  0.54683301  0.76552101 ...,  0.63214622  0.45439392
  0.47366165]
[ 0.67624371  0.71518686  0.75705999 ...,  0.82437063  0.66735396
  0.89718443]
[ 0.52566191  0.42403988  0.59622035 ...,  0.4924653   0.51005508
  0.53124539]
[ 0.60710772  0.6411421   0.46676257 ...,  0.73918066  0.59946735
  0.80505955]
[ 0.67878975  0.71540155  0.76177484 ...,  0.82488906  0.66982793
  0.89825686]
[ 0.74070031  0.59201675  0.83017783 ...,  0.68322246  0.7367987
  0.74516146]
[ 0.77983551  0.6244057   0.87274803 ...,  0.72149152  0.76860136
  0.78212096]
[ 0.67726722  0.71549494  0.75967352 ...,  0.82495679  0.66739812
  0.89769556]
[ 0.67725395  0.71560226  0.75868122 ...,  0.82494724  0.66750212
  0.89746262]
[ 0.77977298  0.62454423  0.87360016 ...,  0.72177218  0.76902209
  0.78297998]
[ 0.60460008  0.64008997  0.67839155 ...,  0.73796518  0.79844265
  0.99959798]
[ 0.4172209   0.48974705  0.68735931 ...,  0.39154363  0.60325868
  0.61572794]
[ 0.67410827  0.71533331  0.75577123 ...,  0.82464108  0.66490159
  0.89765128]
[ 0.80167326  0.63972486  0.67670918 ...,  0.73742365  0.79695338
  0.60643346]
[ 0.55426642  0.86939138  0.4250437  ...,  0.67534007  0.36324436
  0.55679302]
[ 0.67481343  0.54049687  0.75626517 ...,  0.62463526  0.89207808
  0.89766946]
[ 0.61274368  0.64355925  0.47509824 ...,  0.7419778   0.40645746
  0.61522272]
[ 0.68124338  0.54608591  0.99994737 ...,  0.63149661  0.67181839
  0.68587369]
[ 0.61169492  0.64311322  0.47446622 ...,  0.74154176  0.40569148
  0.61505418]
[ 0.73255234  0.72695508  0.61974796 ...,  0.8368181   0.72904492
  0.91294334]
[ 0.73675038  0.86930146  0.62687248 ...,  0.83895992  0.55126266
  0.73849378]
[ 0.67777537  0.71552708  0.76004676 ...,  0.82495122  0.66852638
  0.8979884 ]
[ 0.80660509  0.64375065  0.68651886 ...,  0.91650121  0.60425262
  0.80691069]
[ 0.53290846  0.43017078  0.87509475 ...,  0.49982319  0.51755977
  0.54011558]
[ 0.80423216  0.79607327  0.68268574 ...,  0.91638044  0.60090139
  0.80573135]
[ 0.41119685  0.64113112  0.46753391 ...,  0.56238004  0.59967948
  0.80539612]
[ 0.53291371  0.62321637  0.60618902 ...,  0.7205734   0.51752327
  0.78259171]
[ 0.60266957  0.48268963  0.67529718 ...,  0.5578174   0.99974085
  0.80220416]
[ 0.6013485   0.4816864   0.67436162 ...,  0.55670736  0.99984745
  0.80188528]
[ 0.46334494  0.71552064  0.52562104 ...,  0.62953174  0.44963096
  0.68312152]
[ 0.60583277  0.64065287  0.68029396 ...,  0.73870054  0.79881567
  0.99980207]
[ 0.60715833  0.64113485  0.68161888 ...,  0.73924287  0.79965819
  0.99976642]
[ 0.67582643  0.71532776  0.75777341 ...,  0.82466136  0.66701948
  0.89791444]
[ 0.89631866  0.54841374  0.76683904 ...,  0.82500826  0.67426152
  0.68708393]
[ 0.80270294  0.79496984  0.68157326 ...,  0.91517044  0.59984703
  0.80486828]
[ 0.67613569  0.54147829  0.75704436 ...,  0.62571398  0.89182474
  0.67870485]
[ 0.53525848  0.43193887  0.87423982 ...,  0.5017288   0.52008749
  0.54197716]
[ 0.51744425  0.80610232  0.5811207  ...,  0.62862098  0.51099614
  0.68487869]
[ 0.99972487  0.64366115  0.68647183 ...,  0.91646818  0.60432746
  0.61531976]
[ 0.67827917  0.71537809  0.75988271 ...,  0.82469281  0.66924613
  0.89760588]
[ 0.60870767  0.64192946  0.68195195 ...,  0.74005224  0.59985809
  0.80505298]
[ 0.55843775  0.44769324  0.82267207 ...,  0.51772223  0.73292379
  0.73927308]
[ 0.60306259  0.48311511  0.67652742 ...,  0.55839047  0.79771816
  0.80298752]
[ 0.85063058  0.67758531  0.76497272 ...,  0.78010697  0.5142553
  0.52434286]
[ 0.67303436  0.53912954  0.75485654 ...,  0.62308919  0.89219868
  0.89770913]
[ 0.61063532  0.6426049   0.68628764 ...,  0.56589247  0.40474567
  0.42235302]
[ 0.68047443  0.71557203  0.76266594 ...,  0.82500998  0.67099855
  0.89777792]
[ 0.67865196  0.71522497  0.76226379 ...,  0.82475941  0.66988672
  0.89842217]
[ 0.73407602  0.72761737  0.62076377 ...,  0.83747573  0.54630805
  0.7345138 ]
[ 0.73656553  0.58799539  0.43145582 ...,  0.83891269  0.36857658
  0.56112135]
[ 0.68006346  0.71556256  0.76283079 ...,  0.82506399  0.67068109
  0.89808422]
[ 0.56573404  0.4540897   0.64019621 ...,  0.52560042  0.55849234
  0.57243128]
[ 0.54572918  0.5810268   0.61229167 ...,  0.50525963  0.72475798
  0.72952795]
[ 0.80690335  0.79599548  0.69032729 ...,  0.91652518  0.60642527
  0.80914065]
[ 0.63498859  0.75329049  0.53688634 ...,  0.72522977  0.63165663
  0.79091996]
[ 0.60497454  0.64033827  0.67775164 ...,  0.73815747  0.59653791
  0.80323209]
[ 0.77971532  0.62449448  0.87299468 ...,  0.72169484  0.76875523
  0.78259784]
[ 0.517686    0.67564477  0.76219264 ...,  0.47970401  0.6800514
  0.68530885]
[ 0.67891083  0.54375407  0.76009488 ...,  0.62835218  0.89158431
  0.68178599]
[ 0.68182854  0.54639053  0.99942925 ...,  0.63168106  0.67231625
  0.68561484]
[ 0.6066931   0.64094499  0.68060053 ...,  0.73895919  0.79944118
  0.99958043]
[ 0.67474657  0.5404668   0.75640524 ...,  0.62462995  0.89201899
  0.89777916]
[ 0.60538708  0.64046832  0.6795873  ...,  0.73845701  0.79864428
  0.99973777]
[ 0.60640683  0.79605799  0.67978658 ...,  0.73886871  0.5984132
  0.80439009]
[ 0.60687731  0.64112226  0.68052203 ...,  0.73914527  0.59887371
  0.80474787]
[ 0.67979233  0.71560143  0.76165331 ...,  0.82500245  0.67022381
  0.89764735]
[ 0.67836141  0.71549713  0.76116165 ...,  0.82498789  0.66909942
  0.89815276]
[ 0.55097551  0.72648225  0.61801444 ...,  0.67318604  0.72839556
  0.91239706]
[ 0.5998456   0.63810304  0.67254221 ...,  0.73557557  0.79571617
  0.99901308]
[ 0.60257136  0.63919226  0.67635801 ...,  0.73692945  0.79754687
  0.9995653 ]
[ 0.60535939  0.79605284  0.67838261 ...,  0.73831977  0.59729227
  0.80368011]
[ 0.60227961  0.63909422  0.67641353 ...,  0.73687013  0.79719312
  0.99962968]
[ 0.67103737  0.53700424  0.74899202 ...,  0.62023705  0.89088424
  0.6717688 ]
[ 0.67411236  0.53985942  0.75500626 ...,  0.62383662  0.89208555
  0.89733441]
[ 0.55964033  0.58867335  0.8235222  ...,  0.51883278  0.73371133
  0.74006585]
[ 0.67582535  0.71532783  0.75777232 ...,  0.62570267  0.66701825
  0.67925167]
[ 0.67242192  0.5387881   0.75526113 ...,  0.62280654  0.89198858
  0.89796507]
[ 0.80094136  0.63909641  0.67448886 ...,  0.73664532  0.79709154
  0.60476397]
[ 0.80133641  0.79599048  0.67472825 ...,  0.91607153  0.59436699
  0.80166694]
[ 0.67702316  0.71553384  0.75797403 ...,  0.82480685  0.66738783
  0.89724149]
[ 0.73620306  0.72839704  0.62525942 ...,  0.83845992  0.55066377
  0.73759971]
[ 0.60682595  0.48632383  0.89606427 ...,  0.56226461  0.79930031
  0.8054826 ]
[ 0.67845347  0.71543443  0.76170966 ...,  0.82497498  0.6690761
  0.89820659]
[ 0.67567254  0.54111462  0.7567158  ...,  0.62532204  0.89172116
  0.67821401]
[ 0.77818061  0.62343183  0.87268514 ...,  0.72059338  0.76782741
  0.78218955]
[ 0.68169586  0.37676367  0.76463661 ...,  0.63141435  0.45256867
  0.47189004]
[ 0.68101789  0.54606299  0.76674171 ...,  0.63155412  0.45461377
  0.47501618]
[ 0.80264134  0.79616633  0.67851066 ...,  0.9164143   0.59702057
  0.80360447]
[ 0.68559111  0.54960083  0.99906923 ...,  0.63551304  0.67652726
  0.6902995 ]
[ 0.68003007  0.71550614  0.76311297 ...,  0.82503644  0.67074589
  0.89820651]
[ 0.89673356  0.54397586  0.76025979 ...,  0.82492623  0.66918021
  0.68130255]
[ 0.46030463  0.37152962  0.76126297 ...,  0.43163026  0.66976278
  0.68251893]
[ 0.89640998  0.71534481  0.75638014 ...,  0.82460289  0.66610734
  0.67804103]
[ 0.60292497  0.6393823   0.67685856 ...,  0.55839083  0.7975761
  0.80313268]
[ 0.67588743  0.80413624  0.56960437 ...,  0.62176881  0.67287229
  0.67706858]
[ 0.80234865  0.79602005  0.67899149 ...,  0.91631886  0.59721158
  0.80402992]
[ 0.73434401  0.72764545  0.6223089  ...,  0.83758189  0.73096309
  0.91370647]
[ 0.77921193  0.62429646  0.87407763 ...,  0.72161366  0.76916804
  0.78354636]
[ 0.66959638  0.53630672  0.75097245 ...,  0.61980989  0.89181957
  0.89733175]
[ 0.67982434  0.71534061  0.76287804 ...,  0.82482679  0.67095233
  0.89821627]
[ 0.68316592  0.93696928  0.58056813 ...,  0.77806039  0.51052465
  0.68430691]
[ 0.60401992  0.63984811  0.67801523 ...,  0.7377164   0.79812485
  0.99966261]
[ 0.60333121  0.63943914  0.6764376  ...,  0.73713426  0.79798128
  0.99922807]
[ 0.55731928  0.58748691  0.62589477 ...,  0.51633256  0.36777831
  0.38368661]
[ 0.67774175  0.67282772  0.5726692  ...,  0.77446323  0.67467483
  0.84493828]
[ 0.53529008  0.43231606  0.87533361 ...,  0.5024988   0.51999882
  0.54358181]
[ 0.46575042  0.37630743  0.76621947 ...,  0.43754197  0.67060013
  0.68570489]
[ 0.60457327  0.64008161  0.67777474 ...,  0.73788952  0.79836055
  0.99935303]
[ 0.67855632  0.71564819  0.75988741 ...,  0.82499723  0.66858867
  0.89730757]
[ 0.67765893  0.71538411  0.76090343 ...,  0.82490797  0.66828373
  0.89816932]
[ 0.73354928  0.58536489  0.61988531 ...,  0.67475963  0.7294471
  0.55560191]
[ 0.67746605  0.54282463  0.76034892 ...,  0.62747815  0.89181407
  0.89825795]
[ 0.68043913  0.71551836  0.76326861 ...,  0.82502029  0.67115617
  0.89809505]
[ 0.60070492  0.48121658  0.67401123 ...,  0.55618937  0.99993776
  0.80184012]
[ 0.67578395  0.54138315  0.75805507 ...,  0.62575385  0.89195878
  0.89805439]
[ 0.67501118  0.71539886  0.75616349 ...,  0.62474047  0.66580694
  0.67776104]
[ 0.89638831  0.54837734  0.76653824 ...,  0.82500426  0.67376142  0.686633  ]
[ 0.67330724  0.53918507  0.75405923 ...,  0.62305396  0.89201706
  0.89725995]
[ 0.73155457  0.72645986  0.61825536 ...,  0.83622546  0.72841392
  0.91252749]
[ 0.52916273  0.6236938   0.60041565 ...,  0.72093894  0.51226656
  0.78166961]
[ 0.60643143  0.64068371  0.68059158 ...,  0.7386762   0.79952199
  0.99950691]
[ 0.80469347  0.79551248  0.68524883 ...,  0.91580598  0.60340653
  0.80699029]
[ 0.47680964  0.87608139  0.53451516 ...,  0.58269001  0.6303552   0.7897155 ]
[ 0.68112018  0.71549024  0.76395432 ...,  0.82499413  0.67183377
  0.89803372]
[ 0.52899499  0.62451361  0.60097542 ...,  0.72191788  0.51320487
  0.78360513]
[ 0.6721225   0.53831654  0.75346465 ...,  0.62213507  0.89161023
  0.89736815]
[ 0.52662221  0.42507369  0.87497875 ...,  0.49390143  0.51101597
  0.53342418]
[ 0.60673787  0.79610393  0.68055673 ...,  0.73913491  0.59863872
  0.80473958]
[ 0.59905123  0.63756441  0.67261403 ...,  0.73502724  0.79600513  0.999314  ]
[ 0.67824064  0.71545375  0.76037552 ...,  0.82484463  0.66919743
  0.89792889]
[ 0.77956013  0.62442419  0.87402011 ...,  0.72168743  0.76903617
  0.78322372]
[ 0.60774449  0.64150467  0.68132801 ...,  0.73958092  0.59954581
  0.80505841]
[ 0.68154489  0.71553728  0.76478401 ...,  0.82509911  0.67203585
  0.8981286 ]
[ 0.67642007  0.71545373  0.75846236 ...,  0.82483196  0.66729301
  0.89791789]
[ 0.52345268  0.42215545  0.59296787 ...,  0.49019685  0.76915333
  0.52844031]
[ 0.37659125  0.58655966  0.6241432  ...,  0.35318268  0.36565043
  0.38156586]
[ 0.60009234  0.48056529  0.67213706 ...,  0.55531084  0.99978432
  0.80067153]
[ 0.68160125  0.54695594  0.99869855 ...,  0.63296906  0.6728995
  0.68906226]
[ 0.60760958  0.64135747  0.68175063 ...,  0.73946344  0.59996162
  0.80542115]
[ 0.50789363  0.67151897  0.57002175 ...,  0.62164304  0.67274904
  0.8435751 ]
[ 0.68410444  0.54836726  0.999579   ...,  0.63408963  0.67475973
  0.68859106]
[ 0.67991386  0.7156487   0.7624368  ...,  0.82514965  0.67012805
  0.8978754 ]
[ 0.60117648  0.63865904  0.67465966 ...,  0.73629596  0.79660647
  0.99941852]
[ 0.60979771  0.64202148  0.47170402 ...,  0.74022168  0.60258005
  0.80645572]
[ 0.80567904  0.64326483  0.89858215 ...,  0.74177307  0.60373929
  0.61554761]
[ 0.7350696   0.86927633  0.62434906 ...,  0.83818171  0.54868792
  0.73688129]
[ 0.67426322  0.53959683  0.75225735 ...,  0.62322718  0.89057906
  0.67485053]
[ 0.67473719  0.54046213  0.75639639 ...,  0.62462318  0.89201705
  0.89778085]
[ 0.73362689  0.86932148  0.62121863 ...,  0.83738392  0.54637071
  0.73499398]
[ 0.67582232  0.54143495  0.75821119 ...,  0.62582058  0.89200718
  0.89809027]
[ 0.7787161   0.62344316  0.87170179 ...,  0.72042307  0.76622654
  0.7802957 ]
[ 0.53124557  0.62452636  0.60265551 ...,  0.72184821  0.51551546
  0.78329912]
[ 0.60537807  0.6404668   0.67957844 ...,  0.73845394  0.79863894
  0.99973942]
[ 0.67388324  0.71517682  0.75385596 ...,  0.82425793  0.66460777
  0.89668932]
[ 0.67778267  0.54314689  0.7611512  ...,  0.62789887  0.89174616
  0.89831766]
[ 0.46107609  0.37218788  0.76208327 ...,  0.43242993  0.66984682
  0.68296755]
[ 0.80344236  0.79617898  0.68064456 ...,  0.91647611  0.59886635
  0.80470613]
[ 0.53647681  0.62450921  0.60890609 ...,  0.72195332  0.52052333
  0.78336627]
[ 0.67920566  0.71546526  0.76064635 ...,  0.82478552  0.66985626
  0.8974351 ]
[ 0.67238733  0.53863852  0.75443985 ...,  0.62256509  0.89197071
  0.89785127]
[ 0.6748373   0.54064714  0.75686461 ...,  0.62488971  0.89086476
  0.89687695]
[ 0.68001115  0.71565595  0.76169271 ...,  0.8250562   0.67013686
  0.89746431]
[ 0.46046421  0.37172428  0.76210278 ...,  0.4319647   0.44670839  0.46659   ]
[ 0.67621082  0.54170525  0.75813354 ...,  0.62606291  0.89202941
  0.89780704]
[ 0.73026951  0.725913    0.61517881 ...,  0.83549     0.72684369
  0.91132768]
[ 0.80538255  0.79619964  0.68603772 ...,  0.916669    0.60271874
  0.80712909]
[ 0.52400708  0.42288699  0.5957298  ...,  0.49127838  0.76916165
  0.78365191]
[ 0.60682803  0.64111058  0.68153654 ...,  0.73927263  0.59861865
  0.8050903 ]
[ 0.73097836  0.72623599  0.61743517 ...,  0.83598464  0.72768168
  0.91222144]
[ 0.80163623  0.79608243  0.67590273 ...,  0.91625631  0.59465159
  0.8021337 ]
[ 0.77888201  0.62419048  0.87484676 ...,  0.72163592  0.76881918
  0.78390327]
[ 0.6774536   0.71552604  0.75945773 ...,  0.82491285  0.66821019
  0.89788496]
[ 0.7369178   0.58821289  0.43198041 ...,  0.83899097  0.3681704
  0.56082908]
[ 0.60132729  0.63871007  0.67404195 ...,  0.73626381  0.79672216
  0.99914119]
[ 0.67810887  0.71529683  0.76120142 ...,  0.82477163  0.66935757
  0.89831319]
[ 0.67537018  0.54104182  0.75757424 ...,  0.62535606  0.89191699
  0.89801699]
[ 0.67436486  0.54009458  0.75562224 ...,  0.6241652   0.89195529
  0.89754708]
[ 0.67895134  0.7155793   0.76164426 ...,  0.82507103  0.66947358
  0.89806516]
[ 0.68420451  0.7150037   0.76873171 ...,  0.8246516   0.67516047
  0.89817079]
[ 0.77972508  0.6245488   0.87390456 ...,  0.72181367  0.76896378
  0.7831312 ]
[ 0.80571464  0.64340705  0.8994194  ...,  0.74204482  0.60395478
  0.61634524]
[ 0.67547295  0.54109783  0.75747313 ...,  0.62539275  0.89201303
  0.89794112]
[ 0.80344905  0.79617766  0.68065667 ...,  0.91647591  0.59887922
  0.80471039]
[ 0.4055561   0.63974664  0.46010645 ...,  0.37998277  0.59544944
  0.40984267]
[ 0.53991687  0.57768388  0.60538285 ...,  0.49968768  0.90905919
  0.72533439]
[ 0.60253359  0.63912264  0.67690277 ...,  0.73691673  0.7975353
  0.99968366]
[ 0.68143983  0.93679337  0.57878967 ...,  0.77703781  0.50864711
  0.68312153]
[ 0.61529603  0.49299987  0.48010991 ...,  0.74333032  0.41018829
  0.61812005]
[ 0.73619604  0.86947468  0.62481479 ...,  0.83861797  0.54975126
  0.73710207]
[ 0.80148637  0.63964295  0.6765875  ...,  0.73735458  0.79796892
  0.80295948]
[ 0.67758367  0.80471567  0.57231124 ...,  0.77436987  0.67436362
  0.84472238]
[ 0.89658696  0.71535606  0.75493013 ...,  0.82452503  0.66501683
  0.6766721 ]
[ 0.89560648  0.54217416  0.75817495 ...,  0.82400582  0.66696748
  0.67934609]
[ 0.67251956  0.53863956  0.75391474 ...,  0.62249957  0.89203779
  0.89758363]
[ 0.77935938  0.62414433  0.87242411 ...,  0.72121337  0.76911222
  0.78244212]
[ 0.80249242  0.64047444  0.67875148 ...,  0.73831822  0.79892576
  0.80395142]
[ 0.7795944   0.6244265   0.87372197 ...,  0.72165438  0.76920126
  0.78315794]
[ 0.67527566  0.71544636  0.75691614 ...,  0.82479122  0.66553418
  0.89744754]
[ 0.60206367  0.48220963  0.67469237 ...,  0.55725486  0.99992912
  0.80204118]
[ 0.68048518  0.54539179  0.52936563 ...,  0.82485006  0.45182872
  0.68492277]
[ 0.67806866  0.71539     0.76104462 ...,  0.82487079  0.66911315
  0.89827043]
[ 0.67240768  0.53864908  0.75445922 ...,  0.62258003  0.89197595
  0.89784913]
[ 0.60761462  0.64136007  0.68146354 ...,  0.73943494  0.59988064
  0.80525077]
[ 0.60531815  0.64050851  0.67853472 ...,  0.73841277  0.59677831
  0.80356879]
[ 0.53033067  0.42812154  0.87518397 ...,  0.49750019  0.51505232
  0.53771882]
[ 0.60992293  0.79609681  0.68480485 ...,  0.74079709  0.60167535
  0.80666571]
[ 0.68430263  0.54867275  0.7700083  ...,  0.6345871   0.46001625
  0.48061938]
[ 0.67142991  0.53781602  0.75289435 ...,  0.62152763  0.89218406
  0.89754371]
[ 0.73082106  0.72609801  0.61727363 ...,  0.83581229  0.72787037
  0.91223127]
[ 0.53806092  0.43444537  0.87530091 ...,  0.50490314  0.52214047
  0.54562672]
[ 0.53432266  0.43125543  0.87442081 ...,  0.50100046  0.51948443
  0.54154874]
[ 0.67268413  0.53884344  0.75455994 ...,  0.62279131  0.89185324
  0.89775421]
[ 0.61059879  0.48949965  0.89866157 ...,  0.56604309  0.80094015
  0.80772588]
[ 0.80464605  0.79580636  0.68419693 ...,  0.91609949  0.60248487
  0.80646722]
[ 0.60746131  0.64131664  0.68206742 ...,  0.73947314  0.79966456
  0.99983977]
[ 0.6761679   0.54159328  0.75773617 ...,  0.62591938  0.89192168
  0.67924183]
[ 0.67988518  0.5446081   0.76165954 ...,  0.62941423  0.67062672
  0.68283834]
[ 0.46310323  0.3738347   0.7633021  ...,  0.43435131  0.67078768
  0.68404389]
[ 0.53166661  0.62432253  0.60446376 ...,  0.72177269  0.5162913
  0.78382123]
[ 0.55700241  0.72793903  0.6260576  ...,  0.67713907  0.73249016
  0.91505747]
[ 0.8027873   0.79619674  0.67822931 ...,  0.91640579  0.59682762
  0.80326588]
[ 0.53130231  0.42847725  0.6017311  ...,  0.49751444  0.51547951
  0.53639179]
[ 0.60837688  0.79608991  0.682342   ...,  0.73990092  0.6003525
  0.80559739]
[ 0.62283598  0.64682044  0.90605787 ...,  0.57809029  0.61473456
  0.62875624]
[ 0.60432953  0.64004141  0.67758819 ...,  0.73786356  0.79804391
  0.99938845]
[ 0.73786662  0.86935364  0.62828994 ...,  0.83946081  0.55270891
  0.7393115 ]
[ 0.80785012  0.64480026  0.48008784 ...,  0.91642759  0.41117052
  0.61800071]
[ 0.45756733  0.5420047   0.52090593 ...,  0.62659894  0.66850847
  0.8982744 ]
[ 0.53874479  0.4351115   0.87290579 ...,  0.50566507  0.52563564
  0.54829994]
[ 0.73589031  0.86936491  0.62532495 ...,  0.83857078  0.54975773
  0.73748814]
[ 0.51095024  0.40322568  0.27910442 ...,  0.69176109  0.26072138
  0.50684685]
[ 0.67933507  0.71550688  0.76027191 ...,  0.82477969  0.6695757
  0.89703763]
[ 0.63279864  0.87593039  0.53423083 ...,  0.7236719   0.6298763
  0.78955605]
[ 0.6838143   0.80659434  0.76253481 ...,  0.62951233  0.5113416
  0.52140393]
[ 0.60274856  0.63936425  0.67597285 ...,  0.7370774   0.79731826
  0.99937386]
[ 0.68450127  0.93671348  0.5831777  ...,  0.7789073   0.5129739
  0.68625122]
[ 0.89643189  0.71539284  0.75647276 ...,  0.8246825   0.66588176
  0.67799916]
[ 0.68377985  0.3802595   0.76685268 ...,  0.63336626  0.4571905
  0.47636752]
[ 0.67807443  0.71551794  0.76061135 ...,  0.82497634  0.66881885
  0.89807807]
[ 0.67718711  0.71541257  0.75936576 ...,  0.82479265  0.6682549
  0.89799771]
[ 0.44927636  0.36249251  0.51015802 ...,  0.42105978  0.66384593
  0.67597235]
[ 0.67930031  0.71566593  0.76129586 ...,  0.82509595  0.66952353
  0.89769345]
[ 0.61516358  0.64452246  0.69072588 ...,  0.57000966  0.41084356
  0.42841652]
[ 0.46675139  0.37668467  0.76512876 ...,  0.43761623  0.45282986
  0.47242402]
[ 0.80452546  0.79623422  0.68359612 ...,  0.91663742  0.6008758
  0.80601358]
[ 0.67322502  0.53900959  0.75319791 ...,  0.62278415  0.89142443
  0.67504877]
[ 0.61800149  0.6454642   0.90298994 ...,  0.5731027   0.60936187
  0.62254056]
[ 0.8046491   0.7962696   0.68291823 ...,  0.91658622  0.60087664
  0.80563694]
[ 0.60629303  0.64086413  0.6807248  ...,  0.738942    0.79898461
  0.99979381]
[ 0.67901396  0.80506292  0.57543782 ...,  0.77542733  0.67597756
  0.84624402]
[ 0.68036616  0.71552811  0.76372491 ...,  0.82511145  0.67066251
  0.89811457]
[ 0.5306031   0.42823912  0.87483309 ...,  0.4975138   0.51520357
  0.53738058]
[ 0.53148205  0.42895657  0.87325911 ...,  0.49832329  0.51593978
  0.53810972]
[ 0.53358295  0.43089403  0.87536849 ...,  0.50081363  0.51825048
  0.54161185]
[ 0.80365981  0.79618444  0.6813807  ...,  0.91651633  0.59933029
  0.80505668]
[ 0.80585265  0.64321652  0.68560604 ...,  0.91669303  0.60234307
  0.80638131]
[ 0.7361108   0.86947813  0.6251435  ...,  0.83866496  0.54964726
  0.7372698 ]
[ 0.91471585  0.728433    0.62421121 ...,  0.99982995  0.54870635
  0.73637818]
[ 0.60886582  0.64158782  0.68358465 ...,  0.739821    0.6008428
  0.80572175]
[ 0.77991529  0.62465085  0.87322743 ...,  0.72189372  0.76847902
  0.78254237]
[ 0.80499986  0.64244623  0.68301279 ...,  0.91658007  0.60099678
  0.80541986]
[ 0.67773052  0.71533618  0.76075997 ...,  0.82481109  0.66888097
  0.89829731]
[ 0.68022764  0.54578031  0.99876993 ...,  0.63157094  0.67104887
  0.68716257]
[ 0.68004728  0.71510442  0.7637825  ...,  0.82463505  0.67146892
  0.89836925]
[ 0.80141825  0.79599869  0.67574482 ...,  0.91615533  0.59501242
  0.80237926]
[ 0.45525406  0.36754368  0.75905083 ...,  0.42710339  0.66689432
  0.68006348]
[ 0.53876273  0.4351485   0.87519823 ...,  0.50582019  0.52344397
  0.5472886 ]
[ 0.67899662  0.71565458  0.76072428 ...,  0.82504868  0.66922697
  0.89757829]
[ 0.80776836  0.49373298  0.90072139 ...,  0.74377335  0.60710285
  0.61921927]
[ 0.67952335  0.93674346  0.57508123 ...,  0.77561039  0.50625634
  0.68077207]
[ 0.67257628  0.8029361   0.56602001 ...,  0.77108778  0.6700916
  0.84182615]
[ 0.45775009  0.54229594  0.52015396 ...,  0.62684382  0.66832579
  0.89818217]
[ 0.6085161   0.48780147  0.8976214  ...,  0.5640965   0.79949351
  0.80643975]
[ 0.55193874  0.72681788  0.61894511 ...,  0.67381342  0.72889482
  0.91266002]
[ 0.73363898  0.72744968  0.62123703 ...,  0.83738836  0.54638951
  0.73500375]
[ 0.45983685  0.3707505   0.52015567 ...,  0.4304374   0.66831681
  0.46345015]
[ 0.60494084  0.64027799  0.67887883 ...,  0.73820662  0.79846672
  0.99965971]
[ 0.54802976  0.44042314  0.63063068 ...,  0.50984794  0.55874689
  0.5688994 ]
[ 0.80534993  0.79600072  0.68580562 ...,  0.91637759  0.60341693
  0.80718393]
[ 0.67755904  0.71561893  0.75925777 ...,  0.82499953  0.66779918
  0.8975847 ]
[ 0.77960327  0.62446723  0.87398352 ...,  0.72173226  0.7690809
  0.78324687]
[ 0.67259056  0.80289993  0.5666323  ...,  0.77118177  0.66992908
  0.84198392]
[ 0.67850439  0.71564952  0.760357   ...,  0.82507038  0.66853296
  0.89754071]
[ 0.67854024  0.71531252  0.76137741 ...,  0.82476065  0.66979051
  0.89820512]
[ 0.67524902  0.71467483  0.75700928 ...,  0.82393056  0.66574532
  0.89668025]
[ 0.68284029  0.5471477   0.99910022 ...,  0.63251546  0.67312644
  0.68625834]
[ 0.67704775  0.71553935  0.75898313 ...,  0.82492199  0.66770504
  0.89783459]
[ 0.60210972  0.48232686  0.67533463 ...,  0.55745567  0.79732599
  0.80243077]
[ 0.80730282  0.64447479  0.68927795 ...,  0.91668142  0.60605685
  0.80840152]
[ 0.4565376   0.5414489   0.51897879 ...,  0.6259055   0.44324138
  0.67972002]
[ 0.60644194  0.6408884   0.68099095 ...,  0.73897871  0.79917293
  0.99982876]
[ 0.4070307   0.32866664  0.76942201 ...,  0.38261482  0.37999627
  0.40513156]
[ 0.80408914  0.64190785  0.68309559 ...,  0.74014358  0.60056867
  0.61209685]
[ 0.55763056  0.72819236  0.6259815  ...,  0.6774342   0.73285763
  0.91495281]
[ 0.67673916  0.54230734  0.76014936 ...,  0.62694087  0.89178786
  0.89832823]
[ 0.60446777  0.64007478  0.67784673 ...,  0.73790837  0.79823665
  0.99945037]
[ 0.73521639  0.72812057  0.6237573  ...,  0.8381715   0.73138522
  0.91412612]
[ 0.67777448  0.71523479  0.76091932 ...,  0.82470385  0.66913043
  0.89833047]
[ 0.77825708  0.62386262  0.87509683 ...,  0.72139361  0.76830013
  0.78397991]
[ 0.67506064  0.54062616  0.75600768 ...,  0.62473373  0.89190713
  0.67775308]
[ 0.77963908  0.62445722  0.87375466 ...,  0.72168278  0.76911927
  0.7831148 ]
[ 0.61112519  0.79615457  0.47345353 ...,  0.74129802  0.40470078
  0.61441075]
[ 0.80225697  0.64030336  0.6784631  ...,  0.73815207  0.79870059
  0.80385411]
[ 0.47607808  0.3848158   0.77209307 ...,  0.44752597  0.67525727
  0.69115175]
[ 0.67490172  0.71542579  0.75625742 ...,  0.82471332  0.66558794
  0.89754191]
[ 0.67724294  0.54237894  0.75834056 ...,  0.6267942   0.66739458
  0.67952941]
[ 0.80358029  0.7960099   0.68226568 ...,  0.91639249  0.59987136
  0.80559091]
[ 0.67801209  0.71552552  0.76055189 ...,  0.8249767   0.66874978
  0.89808367]
[ 0.80393146  0.79616494  0.68206104 ...,  0.91650168  0.60000685
  0.80540852]
[ 0.73353502  0.86936489  0.61986389 ...,  0.83716038  0.54579468
  0.73408064]
[ 0.55051371  0.44096475  0.61713419 ...,  0.50961775  0.91266372
  0.73272097]
[ 0.5294753   0.42726281  0.6013622  ...,  0.49631779  0.51365458
  0.53560276]
[ 0.53014855  0.42795798  0.87488057 ...,  0.49724259  0.51521635
  0.53753827]
[ 0.52583926  0.62457755  0.59642613 ...,  0.7218444   0.50974773
  0.7830608 ]
[ 0.46776737  0.37743353  0.76524672 ...,  0.43841788  0.45396319
  0.47320704]
[ 0.80518     0.64288062  0.89818229 ...,  0.7413319   0.60303919
  0.61484426]
[ 0.68184103  0.37673724  0.52934644 ...,  0.63131956  0.45259231
  0.47144221]
[ 0.77970565  0.62467232  0.87417553 ...,  0.72206534  0.76849329
  0.78321572]
[ 0.68396745  0.80665378  0.58187795 ...,  0.77860294  0.51150831
  0.68514583]
[ 0.73644957  0.86946761  0.62593174 ...,  0.83886272  0.55017417
  0.73772989]
[ 0.91562831  0.72918915  0.62710909 ...,  0.99986443  0.55169908
  0.73830687]
[ 0.68104398  0.37545317  0.52736184 ...,  0.63048355  0.45133293
  0.46987845]
[ 0.91512538  0.72871987  0.62508492 ...,  0.99973161  0.55027424
  0.73711857]
[ 0.67828221  0.71563149  0.76032073 ...,  0.8250546   0.6686146
  0.89776932]
[ 0.5283845   0.42653066  0.87513478 ...,  0.49562265  0.51257452
  0.53526671]
[ 0.60535256  0.64048121  0.67896745 ...,  0.73840217  0.79857746
  0.99954329]
[ 0.80634578  0.64395355  0.90027953 ...,  0.74270876  0.60533489
  0.61785445]
[ 0.6052331   0.64044717  0.67902188 ...,  0.73839086  0.79842381
  0.99959016]
[ 0.67991044  0.71533525  0.76180001 ...,  0.82468426  0.67085509
  0.89759843]
[ 0.5289954   0.6245136   0.60097583 ...,  0.72191786  0.51320534
  0.78360512]
[ 0.60790477  0.64159999  0.68122544 ...,  0.73969087  0.59887316
  0.80460856]
[ 0.99977397  0.64417716  0.68795116 ...,  0.9166315   0.60514406
  0.61644733]
[ 0.73781661  0.72915366  0.62761283 ...,  0.83935101  0.55241527
  0.73885813]
[ 0.68049449  0.54553514  0.765486   ...,  0.63085731  0.45301632
  0.47299837]
[ 0.72893294  0.58167954  0.61312414 ...,  0.67047872  0.91164002
  0.73028742]
[ 0.53545124  0.43292343  0.87300689 ...,  0.50364967  0.52027827
  0.5460418 ]
[ 0.67973057  0.54476345  0.99973056 ...,  0.62985294  0.67053464
  0.68400432]
[ 0.68106759  0.93681122  0.57802889 ...,  0.77676492  0.50813957
  0.68263042]
[ 0.4536969   0.54069836  0.51536583 ...,  0.62495847  0.66605337
  0.89795795]
[ 0.67491242  0.71542377  0.7562676  ...,  0.82471241  0.66559988
  0.89754006]
[ 0.61319194  0.64365258  0.89920395 ...,  0.56812433  0.60527412
  0.61705595]
[ 0.77979627  0.62463283  0.87359451 ...,  0.72192004  0.76870582
  0.78292425]
[ 0.68074662  0.71558681  0.52681735 ...,  0.82498736  0.45085378
  0.6834596 ]
[ 0.80225867  0.79602013  0.67759683 ...,  0.91619705  0.59678352
  0.80329045]
[ 0.60969615  0.48879466  0.89843474 ...,  0.5652846   0.80017192
  0.80723624]
[ 0.62857571  0.87484908  0.52819664 ...,  0.72053385  0.6257476
  0.78612755]
[ 0.80408982  0.79628198  0.68120487 ...,  0.91655304  0.5993839
  0.80468869]
[ 0.8057293   0.64327014  0.89835166 ...,  0.74174437  0.60362806
  0.61530816]
[ 0.67823016  0.67307004  0.57523389 ...,  0.77491899  0.6756662
  0.84618251]
[ 0.60683359  0.64108249  0.4670244  ...,  0.73919409  0.59908933
  0.80522006]
[ 0.53544239  0.43231731  0.87467884 ...,  0.5023574   0.52097445
  0.54360673]
[ 0.54320988  0.57956909  0.60968531 ...,  0.66811966  0.72348557
  0.90959734]
[ 0.67566256  0.71546667  0.75670636 ...,  0.82472918  0.66624475
  0.89737046]
[ 0.67410481  0.53985614  0.75499928 ...,  0.62383141  0.89208438
  0.89733664]
[ 0.73374326  0.72747816  0.62123594 ...,  0.8373972   0.54662894
  0.73505975]
[ 0.72926218  0.72544012  0.61284725 ...,  0.67064996  0.72553602
  0.54933016]
[ 0.6767761   0.71552585  0.75846295 ...,  0.82490306  0.66660198
  0.89727069]
[ 0.6293643   0.50297491  0.70584066 ...,  0.58201558  0.82753098
  0.83159509]
[ 0.52855701  0.4267866   0.60223004 ...,  0.49584859  0.76754427
  0.7819471 ]
[ 0.67283518  0.53906213  0.75539673 ...,  0.62310703  0.89201856
  0.89802496]
[ 0.67715906  0.71550616  0.75889165 ...,  0.82485827  0.66792584
  0.8977602 ]
[ 0.67362156  0.53943726  0.75432257 ...,  0.62333657  0.89196552
  0.67627835]
[ 0.46613887  0.5456939   0.7654589  ...,  0.43732083  0.45261202
  0.47264975]
[ 0.73089272  0.86917615  0.61617327 ...,  0.83587137  0.54233056
  0.73190258]
[ 0.67830309  0.71550726  0.76110656 ...,  0.82499118  0.66903452
  0.8981616 ]
[ 0.67810887  0.71529683  0.76120142 ...,  0.82477163  0.66935757
  0.89831319]
[ 0.60628203  0.64087802  0.67954193 ...,  0.73882778  0.59810751
  0.8042077 ]
[ 0.73138398  0.58375081  0.61765647 ...,  0.67299424  0.72791491
  0.73288133]
[ 0.60513575  0.64028048  0.67930603 ...,  0.73821949  0.79876342
  0.99969569]
[ 0.60538358  0.64048369  0.67929212 ...,  0.73844052  0.79862398
  0.99965104]
[ 0.67951395  0.71515397  0.76273095 ...,  0.8246249   0.67095227
  0.89823529]
[ 0.80270045  0.79605323  0.67941689 ...,  0.91633421  0.59783975
  0.80423107]
[ 0.53337602  0.62440895  0.60516484 ...,  0.72175503  0.51782232
  0.78331811]
[ 0.67916515  0.71509531  0.76243527 ...,  0.82455823  0.67070814
  0.89825499]
[ 0.69452299  0.72402427  0.55327837 ...,  0.8335092   0.48978619
  0.71129495]
[ 0.46936995  0.3790845   0.76761312 ...,  0.44059531  0.67343867
  0.68768541]
[ 0.67683082  0.80441367  0.57067656 ...,  0.77372818  0.67372038
  0.84392564]
[ 0.7355584   0.86942768  0.62392396 ...,  0.8383034   0.54900327
  0.73662229]
[ 0.80439465  0.79628072  0.68227328 ...,  0.91659512  0.60023826
  0.80529451]
[ 0.45144545  0.53975843  0.51272244 ...,  0.62383824  0.66492872
  0.89780628]
[ 0.67410106  0.53994177  0.75576457 ...,  0.62404221  0.89170846
  0.89765284]
[ 0.80519063  0.79614921  0.68573176 ...,  0.91662058  0.60248322
  0.80700896]
[ 0.60610867  0.64072581  0.68022229 ...,  0.73873261  0.79914034
  0.99969465]
[ 0.60335179  0.48328272  0.67637177 ...,  0.55853979  0.99980052
  0.80279939]
[ 0.67662128  0.54200409  0.75828639 ...,  0.6264453   0.89030597
  0.67942201]
[ 0.51172281  0.80500028  0.57402094 ...,  0.62444631  0.67541755
  0.84555666]
[ 0.80354092  0.64146646  0.89600337 ...,  0.73962769  0.59949754
  0.61103921]
[ 0.60415551  0.6399862   0.67788212 ...,  0.73785593  0.79788362
  0.99954746]
[ 0.77957229  0.62449778  0.87387154 ...,  0.72179332  0.76906158
  0.78328545]
[ 0.80010938  0.63852464  0.67386909 ...,  0.73605966  0.7967432
  0.80169277]
[ 0.44249589  0.34920369  0.48342304 ...,  0.39938845  0.45158267
  0.43894225]
[ 0.60249306  0.48292004  0.89376655 ...,  0.55837298  0.79752698
  0.80360523]
[ 0.45856074  0.54276391  0.520327   ...,  0.62734248  0.44440328
  0.68050583]
[ 0.55324198  0.58519255  0.62060677 ...,  0.67467211  0.72979703
  0.91323657]
[ 0.67887544  0.71550021  0.76122302 ...,  0.82493154  0.66971975
  0.89799435]
[ 0.67974186  0.71538018  0.76299621 ...,  0.8249004   0.67076376
  0.8982998 ]
[ 0.67952489  0.54443556  0.99895098 ...,  0.62932101  0.67045886
  0.68313451]
[ 0.5998711   0.63810919  0.67256785 ...,  0.73558525  0.79573147
  0.99901043]
[ 0.80114301  0.63935429  0.67565697 ...,  0.73703271  0.79726985
  0.80242181]
[ 0.7317011   0.72648204  0.61961955 ...,  0.83636835  0.72861986
  0.91298791]
[ 0.67702154  0.71553392  0.75797239 ...,  0.82480698  0.66738598
  0.89724159]
[ 0.73354114  0.58553164  0.62133215 ...,  0.67506346  0.73026027
  0.73525524]
[ 0.91626217  0.72984794  0.63057931 ...,  0.99999305  0.55382374
  0.74025682]
[ 0.91692864  0.73037522  0.63258213 ...,  0.99990717  0.55619142
  0.74162277]
[ 0.52725782  0.62436709  0.59888995 ...,  0.72169681  0.51191579
  0.78359012]
[ 0.6781061   0.54313756  0.75967398 ...,  0.62771251  0.66855659
  0.68081492]
[ 0.68131321  0.54604955  0.99973788 ...,  0.63135707  0.67189759
  0.68550405]
[ 0.680591    0.71565933  0.76312549 ...,  0.82516274  0.67079843
  0.89786124]
[ 0.68504464  0.93661148  0.58336906 ...,  0.77907608  0.51371664
  0.68643544]
[ 0.80328171  0.7959328   0.6804007  ...,  0.91615588  0.59930086
  0.80468705]
[ 0.80843555  0.4949297   0.69296914 ...,  0.74442806  0.41390269
  0.43146245]
[ 0.60010304  0.48063406  0.6725409  ...,  0.55541617  0.79641917
  0.80105762]
[ 0.75069748  0.82843975  0.51279329 ...,  0.8199307   0.45125027
  0.60442374]
[ 0.80433586  0.79614674  0.68350258 ...,  0.91654815  0.60091016
  0.80607728]
[ 0.59987657  0.63804403  0.67267444 ...,  0.73549917  0.79617312
  0.99915056]
[ 0.68051411  0.71501493  0.76476029 ...,  0.82459602  0.67191726
  0.89845056]
[ 0.73052044  0.7260516   0.61630655 ...,  0.83573455  0.72707344
  0.91177478]
[ 0.60642502  0.48612917  0.89619269 ...,  0.56211923  0.79926607
  0.80569434]
[ 0.54727202  0.58180609  0.61413778 ...,  0.67072053  0.7263294
  0.91116505]
[ 0.72931187  0.58180215  0.6121824  ...,  0.67051759  0.72516463
  0.54871773]
[ 0.52601191  0.42410458  0.5950046  ...,  0.49238436  0.50934482
  0.53005553]
[ 0.67650379  0.71543607  0.75768832 ...,  0.82470965  0.66728814
  0.89746973]
[ 0.77956291  0.43267444  0.60811588 ...,  0.72193583  0.52021947
  0.54179728]
[ 0.80166791  0.79602997  0.67651991 ...,  0.91622572  0.59550869
  0.80276371]
[ 0.77921458  0.62417829  0.87338659 ...,  0.72137874  0.76930777
  0.78316013]
[ 0.67712017  0.71559824  0.75841744 ...,  0.82493415  0.66716321
  0.8972958 ]
[ 0.67062077  0.5370539   0.75148449 ...,  0.62060777  0.8920495   0.6737236 ]
[ 0.67736264  0.54249592  0.75858844 ...,  0.62693631  0.66771976
  0.67983824]
[ 0.67968091  0.71559151  0.52561109 ...,  0.82509148  0.44902204
  0.68306795]
[ 0.67677994  0.71539237  0.7592132  ...,  0.82480273  0.66784905
  0.89810244]
[ 0.60121957  0.48146747  0.67333189 ...,  0.55635367  0.99980398
  0.80124845]
[ 0.60053996  0.48091897  0.67255574 ...,  0.55571406  0.99974015
  0.80083906]
[ 0.73430996  0.72763337  0.62289574 ...,  0.83762618  0.73108448
  0.91400914]
[ 0.67183712  0.5377381   0.75038294 ...,  0.62112177  0.89137468
  0.67342908]
[ 0.5641565   0.59055041  0.82846476 ...,  0.52389518  0.73504858
  0.74352696]
[ 0.73652552  0.58817809  0.82253306 ...,  0.6783475   0.73319995
  0.73928352]
[ 0.72909701  0.72533418  0.61457666 ...,  0.83491709  0.72619318
  0.91132139]
[ 0.80828114  0.6454944   0.90154143 ...,  0.74439295  0.61115653
  0.62287094]
[ 0.5352769   0.43190382  0.87463465 ...,  0.50169944  0.51916601
  0.54132858]
[ 0.52915593  0.42695674  0.60090899 ...,  0.49593641  0.51349158
  0.53524112]
[ 0.67630156  0.54160219  0.75723484 ...,  0.62587602  0.89157145
  0.67863861]
[ 0.68190462  0.54607309  0.5281365  ...,  0.82477086  0.45225557
  0.68343799]
[ 0.73739571  0.72895658  0.62595096 ...,  0.83904253  0.55100217
  0.73756302]
[ 0.54719999  0.58183625  0.41500415 ...,  0.67073144  0.54023848
  0.73049245]
[ 0.6371787   0.87688172  0.54114189 ...,  0.72698459  0.63414443
  0.79333018]
[ 0.52988025  0.42760226  0.60220193 ...,  0.49672699  0.51471311
  0.53653704]
[ 0.80628707  0.7955042   0.68846896 ...,  0.91581233  0.60631324
  0.80828703]
[ 0.80216678  0.79610576  0.67700467 ...,  0.91627869  0.59607057
  0.80285579]
[ 0.52901084  0.62451125  0.60099063 ...,  0.72191662  0.51322262
  0.78360293]
[ 0.41995326  0.79609856  0.4766689  ...,  0.56785655  0.40771868
  0.61635364]
[ 0.7355581   0.72826071  0.62392349 ...,  0.83830327  0.5490028   0.736622  ]
[ 0.53677519  0.43335319  0.87493661 ...,  0.50356663  0.52187139
  0.5446324 ]
[ 0.68112988  0.71552235  0.76364715 ...,  0.82499384  0.67174595
  0.89788181]
[ 0.67451008  0.54010275  0.75492181 ...,  0.62408428  0.89164328
  0.67666606]
[ 0.53189173  0.62466066  0.60363253 ...,  0.72205969  0.51569716
  0.78333344]
[ 0.91319912  0.72717194  0.61940921 ...,  0.99963188  0.54492946
  0.73372801]
[ 0.67749862  0.71541538  0.75994486 ...,  0.82483167  0.66855911
  0.89810235]
[ 0.67777322  0.37019824  0.52033702 ...,  0.62742286  0.44501144
  0.46352571]
[ 0.60162041  0.63887091  0.67507493 ...,  0.73653567  0.79676668
  0.99941965]
[ 0.54460243  0.5803718   0.6106423  ...,  0.66900445  0.72405144
  0.9097796 ]
[ 0.77951451  0.62437965  0.8735694  ...,  0.72160116  0.76924658
  0.78314889]
[ 0.59930986  0.63778802  0.6732165  ...,  0.73534678  0.79556064
  0.99934174]
[ 0.52762036  0.62454894  0.59868108 ...,  0.72185355  0.51180927
  0.78330115]
[ 0.80416221  0.79626235  0.68186973 ...,  0.91657317  0.59989782
  0.80515339]
[ 0.60443177  0.64003036  0.67868966 ...,  0.73795366  0.79828082
  0.99974374]
[ 0.73439131  0.72773869  0.62152351 ...,  0.6756215   0.54716025  0.557073  ]
[ 0.67431311  0.54021761  0.75667311 ...,  0.62441973  0.89199545
  0.89805682]
[ 0.59592913  0.63630634  0.667354   ...,  0.73336215  0.793677    0.99820744]
[ 0.67188473  0.53791742  0.75173353 ...,  0.62150665  0.89162324
  0.67385825]
[ 0.60267912  0.63902659  0.67512059 ...,  0.73663581  0.59391466
  0.80137421]
[ 0.67655628  0.71536758  0.75819172 ...,  0.82467316  0.66764219
  0.89774004]
[ 0.53308935  0.62453788  0.60534029 ...,  0.72196369  0.51727766
  0.78355314]
[ 0.52469269  0.42342862  0.59648875 ...,  0.49190548  0.76921973
  0.78366496]
[ 0.46816236  0.37788866  0.76626661 ...,  0.43906855  0.45444889
  0.47429142]
[ 0.61114838  0.4895608   0.47243366 ...,  0.74125517  0.40391695
  0.6135692 ]
[ 0.60324655  0.94363025  0.51181782 ...,  0.68720792  0.45026715
  0.60385286]
[ 0.53219216  0.42962116  0.87479475 ...,  0.49917624  0.51742179
  0.53977966]
[ 0.67664711  0.93673146  0.57040357 ...,  0.77370338  0.50195133
  0.67735818]
[ 0.46458958  0.37517993  0.76491287 ...,  0.43605123  0.67112324
  0.6851401 ]
[ 0.6840699   0.54595396  0.58105865 ...,  0.77849594  0.51112213
  0.6844589 ]
[ 0.63232775  0.62841197  0.5339279  ...,  0.72337477  0.62955422
  0.78941193]
[ 0.67586129  0.54146962  0.7581576  ...,  0.62583562  0.89205276
  0.89796298]
[ 0.67554436  0.71544903  0.75744547 ...,  0.82481124  0.6662159
  0.89777612]
[ 0.80147039  0.79594824  0.67570821 ...,  0.91607353  0.59525037
  0.8023732 ]
[ 0.77983434  0.42864727  0.60198342 ...,  0.72185452  0.51521852
  0.53635359]
[ 0.73397277  0.72757682  0.81874756 ...,  0.67565675  0.54683564
  0.55766129]
[ 0.77930588  0.62432844  0.8743258  ...,  0.72166489  0.76914734
  0.78357791]
[ 0.5342194   0.62445641  0.60624881 ...,  0.72183314  0.51855866
  0.78338324]
[ 0.68025383  0.67415691  0.75957377 ...,  0.62640148  0.67779489
  0.68299884]
[ 0.45144582  0.53958879  0.51401745 ...,  0.62377598  0.66532694
  0.89818442]
[ 0.45819513  0.54250937  0.52108911 ...,  0.62715058  0.66840332
  0.89833437]
[ 0.67253723  0.53872345  0.75438395 ...,  0.62263904  0.89209599
  0.89779204]
[ 0.67751757  0.71545789  0.75964256 ...,  0.82484269  0.66847904
  0.8979603 ]
[ 0.73382908  0.72748738  0.62185508 ...,  0.83744581  0.73037053
  0.91364195]
[ 0.80529779  0.79622407  0.68534013 ...,  0.91664036  0.60255091
  0.80685586]
[ 0.67646832  0.71464916  0.75778318 ...,  0.82384627  0.6670684
  0.89645963]
[ 0.67953847  0.71549013  0.76189577 ...,  0.82492091  0.67037426
  0.89795312]
[ 0.61036875  0.79628371  0.68434976 ...,  0.74093828  0.60176652
  0.80632255]
[ 0.67343331  0.5373031   0.56533937 ...,  0.61929503  0.84206628
  0.67395526]
[ 0.60040109  0.63793616  0.67436568 ...,  0.73547973  0.79688925
  0.99921251]
[ 0.67780816  0.71551416  0.76007676 ...,  0.82494194  0.66856358
  0.8979748 ]
[ 0.61224414  0.64321349  0.68861398 ...,  0.56755859  0.40722193
  0.42522243]
[ 0.69589511  0.72397536  0.55674848 ...,  0.83351025  0.49286534
  0.71296668]
[ 0.52949706  0.42713855  0.60067728 ...,  0.49609437  0.51337     0.53495662]
[ 0.67250924  0.53870961  0.75435766 ...,  0.62261893  0.89209096
  0.89779801]
[ 0.60029634  0.6382496   0.67306577 ...,  0.73572908  0.79631723
  0.99915238]
[ 0.80326054  0.7960876   0.68127609 ...,  0.91646339  0.59882095
  0.80502732]
[ 0.53584608  0.43263816  0.87527511 ...,  0.50276351  0.52044448
  0.5435187 ]
[ 0.80363529  0.79623766  0.68007263 ...,  0.73928611  0.59859112
  0.60945524]
[ 0.67389568  0.53975922  0.75541171 ...,  0.62380795  0.89189627
  0.89765618]
[ 0.67935083  0.54455235  0.99992839 ...,  0.62971625  0.67025337
  0.68416103]
[ 0.60401081  0.63984155  0.67753475 ...,  0.73763761  0.79816141
  0.99948737]
[ 0.55036267  0.72630068  0.61714163 ...,  0.67275355  0.72800411
  0.91208455]
[ 0.52678365  0.42500545  0.5979944  ...,  0.49366192  0.51070582
  0.53243785]
[ 0.89656364  0.54536612  0.76206018 ...,  0.82483353  0.67098593
  0.68307168]
[ 0.60938296  0.64214121  0.68398432 ...,  0.74042286  0.6015196   0.8064137 ]
[ 0.43809042  0.50568492  0.49679812 ...,  0.41001438  0.42595764
  0.44273376]
[ 0.61086692  0.48923299  0.47123091 ...,  0.74097793  0.40309275
  0.61266881]
[ 0.67756299  0.7153855   0.76000315 ...,  0.82480841  0.66863259
  0.89806999]
[ 0.77954611  0.62451616  0.87419448 ...,  0.72185195  0.76902687
  0.78345359]
[ 0.6782481   0.71531459  0.7608201  ...,  0.82472894  0.66950691
  0.89810821]
[ 0.67671467  0.5418812   0.75718072 ...,  0.62613397  0.89158269
  0.67882761]
[ 0.68017212  0.71555156  0.76209631 ...,  0.82495391  0.67070434
  0.89765288]
[ 0.61740293  0.64484667  0.90326008 ...,  0.57293055  0.60919037
  0.62303053]
[ 0.73608204  0.72843749  0.6250094  ...,  0.83852148  0.55011628
  0.73737446]
[ 0.73466719  0.58647354  0.62337994 ...,  0.67618074  0.91411039
  0.73649597]
[ 0.80389922  0.79621844  0.68178224 ...,  0.91655495  0.59966636
  0.80520672]
[ 0.68032573  0.7153938   0.76378443 ...,  0.82494738  0.67123535
  0.89832203]
[ 0.61139221  0.79606915  0.68658335 ...,  0.74151259  0.60312704
  0.80746923]
[ 0.52881211  0.42673412  0.60101549 ...,  0.49574964  0.51289778
  0.53503987]
[ 0.67686362  0.71526467  0.75757491 ...,  0.82445202  0.66775771
  0.89709223]
[ 0.73419392  0.72762695  0.62142502 ...,  0.83751853  0.54718359
  0.73516529]
[ 0.68079303  0.7156855   0.7631449  ...,  0.82518518  0.67069751
  0.89764422]
[ 0.80789525  0.64503261  0.48202991 ...,  0.74380214  0.41206565
  0.42937177]
[ 0.67587138  0.71542346  0.75619335 ...,  0.82460053  0.66614924
  0.89682722]
[ 0.80239031  0.79613406  0.67808596 ...,  0.91637633  0.59666145
  0.80344565]
[ 0.77974306  0.62452379  0.87321222 ...,  0.7217355   0.76889144
  0.78276574]
[ 0.67430199  0.71540026  0.75545147 ...,  0.82466746  0.66467934
  0.89727733]
[ 0.55726903  0.86940764  0.62504059 ...,  0.6773131   0.5496641
  0.73730503]
[ 0.67497917  0.71539145  0.75579995 ...,  0.82460817  0.66567488
  0.89726713]
[ 0.5536918   0.86924909  0.62148368 ...,  0.67509111  0.54620648
  0.73509239]
[ 0.67410106  0.53994177  0.75576457 ...,  0.62404221  0.89170846
  0.89765284]
[ 0.73742778  0.72904148  0.62780772 ...,  0.83930497  0.55205539
  0.73900836]
[ 0.69193196  0.55267847  0.59558347 ...,  0.6375096   0.35678777
  0.37247262]
[ 0.67950179  0.67386305  0.7582073  ...,  0.62555396  0.67613295
  0.68138807]
[ 0.60505103  0.64035997  0.67930231 ...,  0.73834871  0.79823181
  0.99968422]
[ 0.533974    0.43106261  0.87526607 ...,  0.50089487  0.51829431
  0.54117247]
[ 0.6788473   0.71543619  0.76217148 ...,  0.82498     0.66956649
  0.89827308]
[ 0.61060872  0.64269933  0.89817003 ...,  0.56577745  0.60216429
  0.61428466]
[ 0.67112642  0.53739345  0.75131493 ...,  0.62089345  0.89204263
  0.89652484]
[ 0.85183705  0.8077207   0.58736703 ...,  0.92888454  0.516578    0.68875876]
[ 0.55518376  0.72778211  0.62346014 ...,  0.67609923  0.73050936
  0.91402159]
[ 0.59659742  0.63635072  0.66861272 ...,  0.7334416   0.79491259
  0.99847422]
[ 0.67442065  0.5401664   0.755803   ...,  0.62425253  0.89204842
  0.89763593]
[ 0.50967447  0.8045496   0.57176735 ...,  0.62299426  0.67383453
  0.84445935]
[ 0.61353354  0.64384776  0.6886566  ...,  0.56839691  0.40853904
  0.42584282]
[ 0.67767545  0.71541371  0.76058617 ...,  0.82489218  0.66862146
  0.89823453]
[ 0.61375605  0.49210144  0.90075286 ...,  0.56913491  0.605706    0.61860837]
[ 0.6792773   0.7156484   0.76062147 ...,  0.62874368  0.6693079   0.6815871 ]
[ 0.63278089  0.75230574  0.53394603 ...,  0.72361593  0.62979072
  0.78938384]
[ 0.67762589  0.71529187  0.52013734 ...,  0.82456253  0.44556999
  0.68059861]
[ 0.73475716  0.86939401  0.62294713 ...,  0.83795489  0.54792837
  0.73603886]
[ 0.67682908  0.71530631  0.75938105 ...,  0.82471187  0.66810364
  0.89815529]
[ 0.89666361  0.54071209  0.75589545 ...,  0.82468128  0.66520886
  0.67721818]
[ 0.77850651  0.62354393  0.87231349 ...,  0.72063417  0.76755148
  0.78166865]
[ 0.60156716  0.48177665  0.67392324 ...,  0.55672733  0.99993107
  0.8016431 ]
[ 0.80199084  0.63981044  0.6754606  ...,  0.73738537  0.79727766
  0.60553961]
[ 0.67408226  0.53997282  0.75596457 ...,  0.62407583  0.89213333
  0.89785735]
[ 0.60220269  0.6389571   0.67613217 ...,  0.73666797  0.79750472
  0.99954324]
[ 0.77940702  0.62438617  0.87381344 ...,  0.72167368  0.76913511
  0.78333033]
[ 0.67849777  0.71556799  0.76013361 ...,  0.8249293   0.66904769
  0.89762411]
[ 0.68173734  0.71545859  0.76457736 ...,  0.824957    0.67244216
  0.89796491]
[ 0.60772966  0.64135081  0.68198425 ...,  0.73946447  0.79995143
  0.9996538 ]
[ 0.6774617   0.71552454  0.75946532 ...,  0.82491256  0.66821913
  0.89788373]
[ 0.59467788  0.47605751  0.66521021 ...,  0.54996687  0.99958344
  0.79712548]
[ 0.61020465  0.79617297  0.6838694  ...,  0.74073071  0.60188866
  0.80617144]
[ 0.8062178   0.79605891  0.68869791 ...,  0.91658693  0.604855    0.80838409]
[ 0.73222815  0.726804    0.61898503 ...,  0.83661658  0.72873692
  0.9126724 ]
[ 0.60491163  0.48452107  0.67796469 ...,  0.55996772  0.79834684
  0.60774983]
[ 0.99991149  0.64291339  0.68448115 ...,  0.91663559  0.60219151
  0.61334202]
[ 0.67463594  0.54058157  0.75761103 ...,  0.62488969  0.89196744
  0.89816597]
[ 0.67823769  0.71531653  0.76081024 ...,  0.82472979  0.6694953
  0.89811001]
[ 0.67933731  0.5439754   0.75972971 ...,  0.62854078  0.8911637
  0.68120437]
[ 0.54633521  0.43760625  0.61270791 ...,  0.5057503   0.91132786
  0.72996712]
[ 0.  0.  0. ...,  0.  0.  0.]
[ 0.60720886  0.64107751  0.68206961 ...,  0.73921437  0.79976824
  0.99980807]
[ 0.61266081  0.64357077  0.68688992 ...,  0.74204834  0.60385165
  0.80739664]
[ 0.53280036  0.42989955  0.87466804 ...,  0.49938252  0.516628    0.53875465]
[ 0.67726427  0.54248455  0.51940293 ...,  0.62700326  0.44335025
  0.46225451]
[ 0.60251151  0.63919293  0.67570769 ...,  0.73685879  0.79746044
  0.99936014]
[ 0.73523849  0.86937439  0.62379041 ...,  0.83817987  0.54874919
  0.73658697]
[ 0.45417965  0.36673082  0.75876057 ...,  0.42625122  0.665643    0.67932804]
[ 0.60655313  0.64093304  0.68063755 ...,  0.73896824  0.79930001
  0.99968837]
[ 0.73371522  0.86933888  0.62058066 ...,  0.83729811  0.5463624
  0.73461905]
[ 0.61055277  0.48970703  0.89879254 ...,  0.5664742   0.79990289
  0.80759502]
[ 0.67252891  0.53871962  0.75437625 ...,  0.62263322  0.89209496
  0.89779459]
[ 0.68172215  0.93673139  0.57916634 ...,  0.7771733   0.50928362
  0.68350067]
[ 0.6031871   0.48313171  0.67608479 ...,  0.558359    0.99971723
  0.80259309]
[ 0.50891184  0.41026058  0.57546053 ...,  0.47632837  0.76725224
  0.77984986]
[ 0.68041145  0.54539936  0.99992729 ...,  0.63068486  0.67120114
  0.68510079]
[ 0.51546472  0.93675352  0.57779721 ...,  0.62701804  0.5087511
  0.68264117]
[ 0.67984746  0.71521031  0.76301157 ...,  0.82468753  0.6711802
  0.89821227]
[ 0.67888751  0.71541368  0.76135367 ...,  0.82483589  0.66993245
  0.89804346]
[ 0.73642481  0.86930915  0.62610589 ...,  0.83876655  0.55075762
  0.73804523]
[ 0.80658964  0.64408935  0.90007927 ...,  0.74280831  0.60556793
  0.61780648]
[ 0.73495241  0.72797386  0.62357613 ...,  0.83800951  0.5486567
  0.73654431]
[ 0.67253829  0.53872424  0.75438501 ...,  0.62263992  0.89209602
  0.89779189]
[ 0.61065102  0.64264965  0.6860201  ...,  0.56583328  0.40458694
  0.42206873]
[ 0.55163521  0.72665631  0.61850127 ...,  0.67355089  0.72883915
  0.91250909]
[ 0.67824646  0.71531465  0.76081846 ...,  0.82472903  0.66950506
  0.89810828]
[ 0.60643143  0.64068371  0.68059158 ...,  0.7386762   0.79952199
  0.99950691]
[ 0.60981759  0.7962602   0.68400166 ...,  0.74071329  0.60121833
  0.80616038]
[ 0.6098451   0.48918768  0.68837848 ...,  0.56598213  0.60199076
  0.61586457]
[ 0.73022606  0.72593857  0.61557198 ...,  0.83558658  0.72644668
  0.91136591]
[ 0.67949612  0.54464286  0.9995543  ...,  0.62973968  0.67101392
  0.68442164]
[ 0.68090307  0.71566958  0.76337967 ...,  0.82517502  0.67100949
  0.89778306]
[ 0.55277071  0.58492015  0.62122623 ...,  0.67447902  0.72967128
  0.91354968]
[ 0.80701388  0.64420611  0.68835869 ...,  0.91674398  0.60507916
  0.80786363]
[ 0.67442358  0.54024348  0.75625555 ...,  0.62438101  0.89210768
  0.8978511 ]
[ 0.80177947  0.79599997  0.67764512 ...,  0.91629872  0.59549309
  0.8030886 ]
[ 0.7796846   0.62465729  0.87434023 ...,  0.72205875  0.76858145
  0.78333076]
[ 0.80546967  0.64278334  0.68374522 ...,  0.91649044  0.60187912
  0.80564997]
[ 0.72744123  0.72459155  0.61132736 ...,  0.83399169  0.72442956
  0.91011716]
[ 0.45424068  0.36676813  0.75855512 ...,  0.42622962  0.66660805
  0.67974351]
[ 0.4520152   0.53982256  0.5148852  ...,  0.62407199  0.66554626
  0.89824182]
[ 0.79803983  0.75708638  0.5497228  ...,  0.87068207  0.4833806
  0.64520944]
[ 0.60483722  0.79609364  0.67837967 ...,  0.73821569  0.59647852
  0.8035797 ]
[ 0.67390435  0.53972122  0.75509068 ...,  0.62372748  0.89188325
  0.89748589]
[ 0.77963664  0.62445858  0.87375394 ...,  0.72168281  0.76911536
  0.78311571]
[ 0.73159773  0.72654899  0.61809986 ...,  0.83633627  0.72794815
  0.91232522]
[ 0.73113271  0.72629398  0.61717282 ...,  0.83599913  0.72784359
  0.91210553]
[ 0.53399197  0.43086622  0.87458746 ...,  0.50049102  0.51808501
  0.54012146]
[ 0.80649296  0.64374778  0.68705702 ...,  0.91647078  0.60476241
  0.80744567]
[ 0.5334664   0.43077743  0.8753865  ...,  0.50067545  0.51789897
  0.54128754]
[ 0.67381058  0.5397839   0.75597927 ...,  0.62390826  0.89184821
  0.8979262 ]
[ 0.80072093  0.63908753  0.67551696 ...,  0.7367834   0.7969411
  0.80237902]
[ 0.53354137  0.43051973  0.87463146 ...,  0.5001001   0.51774026
  0.5397913 ]
[ 0.52737601  0.6246152   0.59754144 ...,  0.72183766  0.51108745
  0.78274741]
[ 0.80240554  0.64029699  0.67741366 ...,  0.73807812  0.79793746
  0.60712173]
[ 0.67985086  0.71548928  0.7624719  ...,  0.82495666  0.67068093
  0.89805296]
[ 0.6735069   0.53932958  0.75408166 ...,  0.62320229  0.89183951
  0.67597746]
[ 0.80192331  0.79606056  0.67766814 ...,  0.91634215  0.59577771
  0.80317947]
[ 0.52898376  0.42664297  0.5994806  ...,  0.49545074  0.51273372
  0.53399306]
[ 0.60672066  0.64106434  0.68112248 ...,  0.73916822  0.799132    0.99978315]
[ 0.77982397  0.62468784  0.87387034 ...,  0.72201367  0.76860678
  0.78302972]
[ 0.67820972  0.71545818  0.76034607 ...,  0.82484556  0.66916312
  0.89793249]
[ 0.42990307  0.3466888   0.48736815 ...,  0.40272645  0.65059044
  0.66241047]
[ 0.67189186  0.53813543  0.75287364 ...,  0.6218887   0.89088703
  0.8963813 ]
[ 0.68533183  0.38299229  0.76900351 ...,  0.63498739  0.45983144
  0.47960784]
[ 0.77963897  0.62446483  0.87312597 ...,  0.72166531  0.76890423
  0.78276812]
[ 0.67573318  0.5411427   0.75657147 ...,  0.62532384  0.89178491
  0.67821465]
[ 0.73836902  0.72926935  0.82495631 ...,  0.6802188   0.55428232
  0.56585853]
[ 0.59980531  0.48035958  0.67200207 ...,  0.55508501  0.99990153
  0.80070415]
[ 0.80225551  0.64026106  0.67794835 ...,  0.73808816  0.79833776
  0.60773632]
[ 0.67717773  0.71541362  0.75935683 ...,  0.82479243  0.66824457
  0.89799839]
[ 0.54068094  0.72328291  0.60571646 ...,  0.6663023   0.72136328
  0.90789021]
[ 0.4725461   0.3815716   0.76917457 ...,  0.44344399  0.45966046
  0.47989768]
[ 0.47025289  0.37946283  0.76649851 ...,  0.44076038  0.45697231
  0.47610783]
[ 0.60601728  0.64072895  0.67972177 ...,  0.73869961  0.79896585
  0.99956051]
[ 0.67898756  0.71518237  0.76266165 ...,  0.82471188  0.67031655
  0.89843122]
[ 0.53280389  0.43000149  0.60573501 ...,  0.49952867  0.51769348
  0.53971281]
[ 0.73392219  0.58569542  0.62070254 ...,  0.67516903  0.72980581  0.556284  ]
[ 0.6777297   0.71533621  0.5222463  ...,  0.82481114  0.4460767
  0.68173056]
[ 0.67899385  0.54417256  0.9997516  ...,  0.62917225  0.66980389
  0.68329033]
[ 0.67511207  0.54064109  0.75584919 ...,  0.62472296  0.89193537
  0.67773849]
[ 0.77937915  0.62436692  0.87406325 ...,  0.72166232  0.76921967
  0.78347443]
[ 0.6767715   0.71539445  0.75920534 ...,  0.8248037   0.66783965
  0.8981044 ]
[ 0.31289184  0.24692429  0.34183171 ...,  0.28241028  0.63863433
  0.31037904]
[ 0.67548444  0.54106524  0.75715947 ...,  0.62531746  0.89201262
  0.89778829]
[ 0.67868267  0.71562601  0.76079063 ...,  0.82505296  0.66911369
  0.89782889]
[ 0.80430317  0.7962966   0.68227205 ...,  0.91663553  0.59996844
  0.80526275]
[ 0.67770651  0.80459159  0.57379842 ...,  0.77456389  0.67493017
  0.84552047]
[ 0.53236305  0.62436609  0.60317472 ...,  0.72159204  0.51668087
  0.78281394]
[ 0.44473679  0.35096509  0.48587121 ...,  0.40141509  0.45387871
  0.44115408]
[ 0.61558498  0.79597121  0.69139696 ...,  0.7434956   0.60717739
  0.80957043]
[ 0.67860677  0.71565672  0.76026364 ...,  0.82504778  0.66873954
  0.89751471]
[ 0.67483201  0.54061573  0.75716382 ...,  0.62489377  0.8917087
  0.89797003]
[ 0.60926568  0.48835571  0.89766948 ...,  0.5646663   0.80040617
  0.80689565]
[ 0.60620429  0.48554182  0.67916666 ...,  0.56113082  0.79876502
  0.6087762 ]
[ 0.45662874  0.54191116  0.51846194 ...,  0.6263529   0.44318976
  0.67993789]
[ 0.61157067  0.64309113  0.68630509 ...,  0.7415413   0.60331378
  0.8073594 ]
[ 0.80612404  0.79617349  0.68773757 ...,  0.91665183  0.60435368
  0.80794137]
[ 0.50763546  0.67153357  0.5693582  ...,  0.6214578   0.67261137
  0.84340397]
[ 0.6762772   0.71545861  0.75851974 ...,  0.82486319  0.66704024
  0.89795694]
[ 0.67077837  0.66880104  0.56142371 ...,  0.61675184  0.84058292
  0.67137242]
[ 0.77784017  0.62317106  0.87289768 ...,  0.72032173  0.76784329
  0.78228745]
[ 0.31254837  0.25511461  0.63773653 ...,  0.29835988  0.31782111
  0.33695298]
[ 0.45121604  0.53949639  0.5139782  ...,  0.62369868  0.6650751
  0.89818776]
[ 0.6774418   0.71552721  0.75944636 ...,  0.82491283  0.66819709
  0.89788577]
[ 0.44921438  0.36248424  0.5104058  ...,  0.42107217  0.66418899
  0.67626478]
[ 0.915472    0.72906704  0.62666649 ...,  0.99986234  0.55132509
  0.73807809]
[ 0.60258866  0.63931076  0.67568979 ...,  0.73700938  0.79709951
  0.99928258]
[ 0.80408338  0.79603197  0.68332617 ...,  0.91642231  0.60086177
  0.80608807]
[ 0.67703806  0.54221057  0.75800677 ...,  0.62658459  0.89117713
  0.67915167]
[ 0.80513892  0.79624518  0.68365267 ...,  0.91653506  0.60175619
  0.8058902 ]
[ 0.80348359  0.79603838  0.68119286 ...,  0.91633225  0.59954196
  0.80508449]
[ 0.60762972  0.79608219  0.46793182 ...,  0.73963269  0.39956971
  0.61104955]
[ 0.80271068  0.795977    0.679679   ...,  0.91625484  0.59816583
  0.80441157]
[ 0.6169358   0.64471793  0.90286011 ...,  0.57242284  0.60819147
  0.62208313]
[ 0.60255971  0.63930321  0.45881063 ...,  0.73699814  0.59451492
  0.80238799]
[ 0.67469259  0.54043787  0.75635332 ...,  0.62458978  0.89200295
  0.89778166]
[ 0.73245247  0.86930743  0.61849388 ...,  0.83667093  0.54440143
  0.73328647]
[ 0.91647601  0.73003491  0.63136859 ...,  1.          0.55459082
  0.74078197]
[ 0.59919113  0.47990822  0.67168257 ...,  0.55459082  1.          0.80067269]
[ 0.61007757  0.64231772  0.68604135 ...,  0.74078197  0.80067269  1.        ]
